[ 22.9096063    2.63383686 337.13111836   0.        ]
[ 24.75188866   3.09773203 396.50969968   0.        ]
[ 25.46367127   3.68559814 471.75656246   0.        ]
[ 24.90960723   3.24035993 414.76607105   0.        ]
[ 24.19681902   3.80674728 487.26365139   0.        ]
[ 23.18154321   4.2335496  541.89434937   0.        ]
[ 23.9712585    4.53616592 580.62923765   0.        ]
[ 24.18590286   4.3241768  553.49462998   0.        ]
[ 23.52876156   3.95113918 505.74581498   0.        ]
[ 23.88179258   4.35933557 557.99495331   0.        ]
[ 23.84778516   4.97016246 636.18079481   0.        ]
[ 24.62936883   4.78131361 612.00814252   0.        ]
[ 23.1956712    5.10539458 653.49050635   0.        ]
[ 23.80957339   4.73763796 606.41765873   0.        ]
[ 23.71890858   5.18318342 663.44747756   0.        ]
[ 23.33525157   4.61508441 590.73080459   0.        ]
[ 23.24803737   4.30056156 550.47188006   0.        ]
[ 22.07226637   3.65234711 467.50042966   0.        ]
[ 20.96168517   4.10992064 526.06984207   0.        ]
[ 21.30209276   4.29160264 549.32513813   0.        ]
[ 22.71018515   3.87446425 495.93142342   0.        ]
[ 21.5114207    4.15141637 531.38129584   0.        ]
[ 20.84376741   4.08002591 522.24331641   0.        ]
[ 20.53713548   4.87328142 623.78002214   0.        ]
[ 21.40656369   5.14781791 658.92069232   0.        ]
[ 23.80117209   4.76122797 609.43717971   0.        ]
[ 23.36289748   4.55933768 583.595223     0.        ]
[ 24.56387305   4.53082642 579.94578148   0.        ]
[ 25.57429635   3.61587919 462.83253695   0.        ]
[ 25.4157093    3.47479135 444.77329251   0.        ]
[ 24.04626769   3.32820988 426.01086448   0.        ]
[ 24.32184536   3.32343036 425.39908596   0.        ]
[ 25.0098732    3.52065807 450.64423297   0.        ]
[ 26.35291175   4.16885335 533.613229     0.        ]
[ 25.7797174    4.44369362 568.79278332   0.        ]
[ 23.51775044   4.33685984 555.11805892   0.        ]
[ 22.72501974   3.86465435 494.67575643   0.        ]
[ 23.78769215   3.95836253 506.67040353   0.        ]
[ 23.93784993   3.75975396 481.24850736   0.        ]
[ 23.45437783   3.32130489 425.12702613   0.        ]
[ 22.38507668   3.22034635 412.20433342   0.        ]
[ 22.11017528   3.00435808 384.55783467   0.        ]
[ 21.56638636   2.87613476 368.14524904   0.        ]
[ 21.80052593   2.715027   347.52345619   0.        ]
[ 21.92051293   3.0261547  387.34780168   0.        ]
[ 20.78616154   3.20748576 410.55817682   0.        ]
[ 20.57020869   3.83918724 491.41596684   0.        ]
[ 20.35836835   4.47408965 572.68347524   0.        ]
[ 21.47142395   4.78749086 612.79883021   0.        ]
[ 21.54512133   5.00782737 641.00190272   0.        ]
[ 23.28832491   5.03759214 644.81179427   0.        ]
[ 23.35007619   4.43073391 567.13394091   0.        ]
[ 23.09686371   5.30002149 678.40275074   0.        ]
[ 22.6537674    5.62718178 720.27926789   0.        ]
[ 22.42764352   4.96849876 635.96784071   0.        ]
[ 22.56495838   5.03820709 644.89050705   0.        ]
[ 22.05466286   4.61954019 591.30114411   0.        ]
[ 22.70930947   4.21441929 539.44566894   0.        ]
[ 22.95557618   4.4438475  568.81247996   0.        ]
[ 22.91440086   4.45393922 570.10422029   0.        ]
[ 23.58748952   5.34862495 684.62399355   0.        ]
[ 24.49715229   4.77247472 610.87676425   0.        ]
[ 25.61307026   4.27548801 547.26246481   0.        ]
[ 25.90034204   3.83519017 490.904342     0.        ]
[ 27.55589007   3.94276114 504.67342534   0.        ]
[ 27.24066425   4.32329601 553.38188958   0.        ]
[ 26.1331023    3.80353163 486.85204807   0.        ]
[ 25.57655057   3.8399381  491.512077     0.        ]
[ 25.93108443   4.19943503 537.52768435   0.        ]
[ 25.82909708   4.7781607  611.60457023   0.        ]
[ 25.31753735   4.67249772 598.0797085    0.        ]
[ 26.29583736   4.95581174 634.34390217   0.        ]
[ 26.29751769   4.59870176 588.63382499   0.        ]
[ 26.58903832   4.52238876 578.86576144   0.        ]
[ 29.67180899   4.00229634 512.29393207   0.        ]
[ 29.27386465   3.71634421 475.6920588    0.        ]
[ 30.31506603   3.74242268 479.03010299   0.        ]
[ 31.31662037   3.97406782 508.6806813    0.        ]
[ 31.53060027   3.12378053 399.84390736   0.        ]
[ 32.08186195   3.02054849 386.63020668   0.        ]
[ 32.71640516   2.71284119 347.24367185   0.        ]
[ 32.95159759   2.7147567  347.48885743   0.        ]
[ 32.97465697   2.66676458 341.34586618   0.        ]
[ 32.51196188   2.77008257 354.57056847   0.        ]
[ 32.00462932   2.71803076 347.90793746   0.        ]
[ 31.37606603   2.76905739 354.43934563   0.        ]
[ 31.48713128   2.78246053 356.15494774   0.        ]
[ 30.59466099   2.84897508 364.66880969   0.        ]
[ 30.62252797   2.74325877 351.13712274   0.        ]
[ 29.6034531    2.67810747 342.79775553   0.        ]
[ 29.51413666   2.75799512 353.02337588   0.        ]
[ 29.46924539   2.65774046 340.19077926   0.        ]
[ 29.23503439   2.71233274 347.17859106   0.        ]
[ 30.55768641   2.7365579  350.27941065   0.        ]
[ 30.81438713   2.76173704 353.50234121   0.        ]
[ 30.1673051    2.76650387 354.11249599   0.        ]
[ 29.97724965   2.95675192 378.46424611   0.        ]
[ 29.37002583   3.06725834 392.6090681    0.        ]
[ 29.53555757   2.85733452 365.73881871   0.        ]
[ 30.07893424   3.19311503 408.71872337   0.        ]
[ 31.04804802   2.99107744 382.85791207   0.        ]
[ 32.1666813    2.99830772 383.78338843   0.        ]
[ 33.00730659   2.95239002 377.90592198   0.        ]
[ 33.3073835    2.9707424  380.25502727   0.        ]
[ 33.43793511   3.0625925  392.01184053   0.        ]
[ 34.94605471   3.14183035 402.1542843    0.        ]
[ 33.42415369   3.08271172 394.5871003    0.        ]
[ 33.09114849   2.95263797 377.93766069   0.        ]
[ 32.81506191   2.98457301 382.02534546   0.        ]
[ 31.58929625   3.26488414 417.90517021   0.        ]
[ 31.56992759   3.12306927 399.75286669   0.        ]
[ 31.66636581   3.06125568 391.84072699   0.        ]
[ 32.59227665   2.96698374 379.77391925   0.        ]
[ 33.31315449   3.13305046 401.03045873   0.        ]
[ 34.02788874   3.07362698 393.42425395   0.        ]
[ 33.68525199   2.97247369 380.47663256   0.        ]
[ 36.28480114   2.97120469 380.31420021   0.        ]
[ 34.50923075   2.78109087 355.97963082   0.        ]
[ 33.54655341   3.05678767 391.26882126   0.        ]
[ 33.9748477    2.68928903 344.22899555   0.        ]
[ 33.51176092   2.75011051 352.0141454    0.        ]
[ 33.50799641   3.02644415 387.38485174   0.        ]
[ 34.27489788   2.82287201 361.3276177    0.        ]
[ 34.73452269   2.7596083  353.22986201   0.        ]
[ 34.35532986   2.74346522 351.16354843   0.        ]
[ 34.48973317   2.85059421 364.87605946   0.        ]
[ 35.41525477   2.89774887 370.91185513   0.        ]
[ 34.43115813   2.89297008 370.30016993   0.        ]
[ 35.47205859   2.87256315 367.68808323   0.        ]
[ 34.62230752   2.81038252 359.72896212   0.        ]
[ 35.27613173   2.92002795 373.76357759   0.        ]
[ 33.51133946   3.11937226 399.2796487    0.        ]
[ 32.44676004   3.08938788 395.44164819   0.        ]
[ 33.21327825   3.07910111 394.12494196   0.        ]
[ 33.99223372   2.95476094 378.20940042   0.        ]
[ 33.90105346   3.22271129 412.50704514   0.        ]
[ 35.58775321   3.1619496  404.72954831   0.        ]
[ 34.36855733   3.046739   389.98259159   0.        ]
[ 33.39976961   3.02731938 387.49688058   0.        ]
[ 32.37445847   3.03317338 388.24619296   0.        ]
[ 32.82010423   3.14509673 402.57238173   0.        ]
[ 31.99983496   3.16742422 405.43030016   0.        ]
[ 31.41130519   3.48623094 446.23756039   0.        ]
[ 31.45106397   4.26964364 546.51438539   0.        ]
[ 30.83786746   3.57758348 457.93068519   0.        ]
[ 29.45230641   3.49901776 447.87427363   0.        ]
[ 28.32077206   3.29816146 422.16466721   0.        ]
[ 27.85093758   3.18928588 408.22859207   0.        ]
[ 27.73867637   3.03368681 388.31191173   0.        ]
[ 29.42069578   3.0736609  393.42859538   0.        ]
[ 29.13807459   3.01056936 385.35287841   0.        ]
[ 27.7935626    2.94892096 377.46188268   0.        ]
[ 27.66915437   2.84894094 364.66444058   0.        ]
[ 28.45314873   2.89519142 370.58450151   0.        ]
[ 29.32748247   2.81939789 360.88292934   0.        ]
[ 29.30371566   2.92909137 374.9236948    0.        ]
[ 29.55127817   3.38048145 432.70162508   0.        ]
[ 29.46378798   3.50841218 449.07675852   0.        ]
[ 29.28173514   3.81677845 488.54764184   0.        ]
[ 28.57082882   3.13881253 401.76800353   0.        ]
[ 27.5517261    3.64272245 466.2684737    0.        ]
[ 28.17301757   3.95556829 506.3127413    0.        ]
[ 26.9690376    3.70732697 474.5378519    0.        ]
[ 26.9499568    3.50956279 449.2240365    0.        ]
[ 26.83837979   3.23893731 414.58397538   0.        ]
[ 27.27879515   3.31865526 424.78787277   0.        ]
[ 28.22233399   3.05647822 391.22921276   0.        ]
[ 25.59843292   2.94258914 376.65141009   0.        ]
[ 25.63766654   2.96903251 380.03616064   0.        ]
[ 25.33557599   3.31839291 424.75429233   0.        ]
[ 25.6407433    3.30652542 423.23525389   0.        ]
[ 26.02645707   3.3213383  425.1313025    0.        ]
[ 28.08401001   3.13003946 400.64505127   0.        ]
[ 28.51255924   3.22113562 412.30535991   0.        ]
[ 28.6008674    3.37740189 432.30744158   0.        ]
[ 28.28989877   2.86068092 366.16715811   0.        ]
[ 28.34471521   2.90289506 371.57056753   0.        ]
[ 28.57275558   3.01011174 385.29430314   0.        ]
[ 29.11852512   3.01688481 386.16125541   0.        ]
[ 27.82414926   2.83480954 362.85562068   0.        ]
[ 27.38845897   2.86275142 366.43218118   0.        ]
[ 28.34788516   2.89602695 370.6914493    0.        ]
[ 29.11177915   2.91743976 373.43228917   0.        ]
[ 28.67967978   3.03695111 388.72974255   0.        ]
[ 29.67486842   2.92056046 373.83173908   0.        ]
[ 30.47289732   3.06476862 392.29038353   0.        ]
[ 31.40964276   3.17085546 405.86949875   0.        ]
[ 32.35121003   3.28057248 419.91327741   0.        ]
[ 33.38610789   2.89398891 370.43057996   0.        ]
[ 33.17646841   2.85054653 364.86995537   0.        ]
[ 33.61108018   2.8350667  362.88853801   0.        ]
[ 33.80507074   2.95007286 377.60932628   0.        ]
[ 31.84003085   2.77446678 355.13174786   0.        ]
[ 32.13203214   2.66263977 340.8178907    0.        ]
[ 31.40811394   2.6929666  344.69972501   0.        ]
[ 32.48950982   2.76153553 353.47654738   0.        ]
[ 31.62573054   2.63571642 337.37170221   0.        ]
[ 31.52669961   2.50745636 320.95441387   0.        ]
[ 30.2857584    2.55821449 327.4514541    0.        ]
[ 31.0575855    2.56647618 328.50895143   0.        ]
[ 29.83841708   2.58854671 331.33397891   0.        ]
[ 30.62250192   2.70596039 346.36293018   0.        ]
[ 30.2072913    2.95932223 378.79324519   0.        ]
[ 31.06012513   2.88577249 369.37887925   0.        ]
[ 30.20838493   2.92217176 374.03798518   0.        ]
[ 29.80995314   2.73760412 350.41332752   0.        ]
[ 29.69178547   2.79931492 358.31231016   0.        ]
[ 30.63414566   2.65661801 340.04710587   0.        ]
[ 30.75780512   2.54016403 325.14099551   0.        ]
[ 30.61630153   2.99723953 383.64666009   0.        ]
[ 32.19412615   2.54866476 326.22908897   0.        ]
[ 31.46571901   2.5274337  323.51151348   0.        ]
[ 32.06587467   2.66136106 340.65421576   0.        ]
[ 30.7869385    2.68011022 343.05410855   0.        ]
[ 29.74491255   2.59319301 331.92870557   0.        ]
[ 30.93176024   2.57070885 329.05073229   0.        ]
[ 30.62415275   2.65634323 340.01193327   0.        ]
[ 30.18762827   2.83740126 363.18736133   0.        ]
[ 30.12117119   2.70513833 346.25770665   0.        ]
[ 29.07783506   2.77899211 355.71099047   0.        ]
[ 28.67265895   2.8334489  362.68145871   0.        ]
[ 27.54142755   3.00022734 384.02909953   0.        ]
[ 28.19957424   3.03041467 387.89307807   0.        ]
[ 28.43016375   3.12967862 400.59886293   0.        ]
[ 27.97358405   3.44973887 441.56657545   0.        ]
[ 27.45672504   3.66775315 469.47240349   0.        ]
[ 27.28303862   3.84500108 492.16013777   0.        ]
[ 28.34055528   3.85097778 492.92515539   0.        ]
[ 28.5371522    4.1701858  533.78378179   0.        ]
[ 27.36217214   3.42789073 438.77001333   0.        ]
[ 27.94067277   3.29981321 422.37609106   0.        ]
[ 28.43624106   3.10316516 397.20514077   0.        ]
[ 29.31167498   3.31789915 424.69109069   0.        ]
[ 31.72107256   3.36539018 430.76994297   0.        ]
[ 30.98696002   3.74884696 479.85241037   0.        ]
[ 31.15986199   3.64640879 466.74032456   0.        ]
[ 31.41961469   3.58642553 459.06246732   0.        ]
[ 31.38984605   3.81179213 487.90939258   0.        ]
[ 31.57464844   3.80772926 487.38934474   0.        ]
[ 31.60295728   3.60412014 461.32737797   0.        ]
[ 31.51279694   3.76732586 482.21771054   0.        ]
[ 32.4177971    3.47637095 444.97548148   0.        ]
[ 31.94967079   3.35016179 428.82070958   0.        ]
[ 33.27265871   3.5020679  448.26469075   0.        ]
[ 33.40110142   3.29202169 421.37877677   0.        ]
[ 31.74695545   3.16456367 405.06414994   0.        ]
[ 32.07608549   3.26669324 418.13673431   0.        ]
[ 31.68278072   3.21782533 411.88164286   0.        ]
[ 30.17568408   3.17536785 406.44708505   0.        ]
[ 30.30311277   3.12244464 399.6729139    0.        ]
[ 30.24027072   3.21327552 411.29926623   0.        ]
[ 30.23866807   3.83463052 490.83270713   0.        ]
[ 30.06683637   3.72089812 476.27495876   0.        ]
[ 30.23256608   3.82802675 489.98742437   0.        ]
[ 30.28878535   4.1834219  535.47800377   0.        ]
[ 29.9307247    4.37209286 559.62788554   0.        ]
[ 30.5258607    4.86525728 622.75293129   0.        ]
[ 30.32221027   4.69824594 601.3754805    0.        ]
[ 31.97839772   4.50381473 576.48828562   0.        ]
[ 30.95386962   4.65553947 595.90905177   0.        ]
[ 30.02320646   4.07524068 521.63080723   0.        ]
[ 28.64288984   3.69635669 473.13365647   0.        ]
[ 29.18508964   3.47166689 444.3733614    0.        ]
[ 28.74363264   3.28206307 420.10407354   0.        ]
[ 30.22281977   3.54365875 453.58831974   0.        ]
[ 31.98730742   3.6212502  463.5200255    0.        ]
[ 31.03311383   3.65761541 468.17477306   0.        ]
[ 30.85035356   3.49787135 447.72753302   0.        ]
[ 30.06311823   3.40993561 436.47175825   0.        ]
[ 29.97446033   3.80326675 486.81814417   0.        ]
[ 29.64043489   3.81709564 488.58824211   0.        ]
[ 30.54419105   3.76696233 482.17117764   0.        ]
[ 28.87227001   3.67269713 470.10523255   0.        ]
[ 29.66797662   3.33216258 426.51681082   0.        ]
[ 30.74590513   3.47048312 444.22183948   0.        ]
[ 32.16318305   3.36142798 430.26278085   0.        ]
[ 31.38916427   3.27055308 418.63079447   0.        ]
[ 31.55404191   3.39435369 434.47727275   0.        ]
[ 31.28807441   3.29793706 422.13594397   0.        ]
[ 31.32514896   3.16039424 404.53046322   0.        ]
[ 30.74959593   3.51778326 450.27625686   0.        ]
[ 31.69383047   3.17064523 405.84258926   0.        ]
[ 33.22087747   3.01845495 386.36223336   0.        ]
[ 33.42170757   3.0769801  393.85345287   0.        ]
[ 33.0194407    3.11607941 398.85816408   0.        ]
[ 32.19190899   3.02725503 387.48864397   0.        ]
[ 33.20045414   3.08548818 394.94248663   0.        ]
[ 33.43783385   3.22672791 413.02117228   0.        ]
[ 33.88650071   3.16189782 404.72292092   0.        ]
[ 34.21300844   3.21398809 411.39047517   0.        ]
[ 34.06647196   3.40857297 436.29733958   0.        ]
[ 33.74910636   3.43674644 439.90354383   0.        ]
[ 34.69878485   3.51627667 450.08341361   0.        ]
[ 34.86592998   3.82886869 490.09519202   0.        ]
[ 34.4156948    4.06286431 520.04663107   0.        ]
[ 34.74578125   3.60712527 461.71203519   0.        ]
[ 34.62575876   3.7501088  480.01392609   0.        ]
[ 34.62329306   3.91793296 501.49541933   0.        ]
[ 34.97966629   4.38080055 560.74247019   0.        ]
[ 35.65128437   4.76793869 610.29615237   0.        ]
[ 34.36646188   4.36853053 559.17190807   0.        ]