[1.14098824e+01 1.12274311e+02 2.87422236e+04 0.00000000e+00]
[1.57182805e+01 1.05338250e+02 2.69665920e+04 0.00000000e+00]
[1.79596023e+01 1.08730611e+02 2.78350365e+04 0.00000000e+00]
[2.02594650e+01 1.04736565e+02 2.68125606e+04 0.00000000e+00]
[2.12960894e+01 1.00950074e+02 2.58432189e+04 0.00000000e+00]
[1.87089931e+01 9.95198652e+01 2.54770855e+04 0.00000000e+00]
[1.89936076e+01 9.55245396e+01 2.44542821e+04 0.00000000e+00]
[1.95514922e+01 9.55824221e+01 2.44691001e+04 0.00000000e+00]
[1.85296272e+01 8.69104271e+01 2.22490693e+04 0.00000000e+00]
[1.85621916e+01 8.72801072e+01 2.23437074e+04 0.00000000e+00]
[1.88952639e+01 9.21582738e+01 2.35925181e+04 0.00000000e+00]
[1.93466311e+01 7.98382795e+01 2.04385996e+04 0.00000000e+00]
[   21.62661292    69.44639375 17778.27680092     0.        ]
[   21.65510617    66.5350587  17032.97502826     0.        ]
[   19.99334202    69.62040896 17822.82469426     0.        ]
[   21.11827623    70.89820423 18149.94028367     0.        ]
[   22.3937641     66.96920978 17144.11770305     0.        ]
[   23.17059569    65.45580912 16756.68713479     0.        ]
[   23.7017221     70.41431619 18026.06494512     0.        ]
[   22.87649468    61.35746787 15707.51177534     0.        ]
[   20.4780398     66.01090624 16898.79199836     0.        ]
[   26.35724352    62.35294048 15962.3527627      0.        ]
[   21.88459065    63.62109239 16286.99965225     0.        ]
[   23.11461145    62.94121785 16112.95176907     0.        ]
[   21.02231792    65.35640021 16731.23845328     0.        ]
[   22.50994486    63.58767899 16278.44582237     0.        ]
[   24.24381483    56.39315203 14436.64691988     0.        ]
[   23.9365917     55.53011951 14215.71059374     0.        ]
[   25.40716687    58.94390996 15089.64094927     0.        ]
[   25.25032513    54.18602569 13871.62257652     0.        ]
[   26.2923583     49.23455196 12604.04530199     0.        ]
[   24.43931571    48.91364602 12521.89338195     0.        ]
[   25.10737213    45.61103324 11676.42451042     0.        ]
[   24.72901443    45.96979292 11768.26698872     0.        ]
[   26.30381721    43.5044771  11137.1461371      0.        ]
[   26.6995703     39.81765745 10193.32030612     0.        ]
[  27.80088246   37.9924175  9726.05887886    0.        ]
[  27.2740486    38.03118472 9735.9832888     0.        ]
[   28.5376086     39.58350118 10133.37630326     0.        ]
[  27.28526009   38.54043201 9866.35059562    0.        ]
[  26.98881777   35.89202762 9188.35906983    0.        ]
[  28.91450481   36.57565948 9363.36882705    0.        ]
[  26.91962583   37.29686818 9547.99825527    0.        ]
[  25.92490525   37.42347402 9580.40934964    0.        ]
[  28.20121516   34.21644193 8759.40913384    0.        ]
[  26.9203684    37.6141951  9629.23394494    0.        ]
[  28.8823353    38.69773791 9906.62090541    0.        ]
[  28.75311185   35.64180678 9124.3025362     0.        ]
[  29.96111679   35.85837603 9179.74426256    0.        ]
[  27.17060339   34.12509642 8736.02468322    0.        ]
[  26.48863557   36.46812796 9335.84075655    0.        ]
[  26.21377501   37.74768897 9663.40837635    0.        ]
[  26.34031467   32.87471901 8415.92806564    0.        ]
[  25.03310352   35.54220468 9098.80439804    0.        ]
[  26.37781212   32.97367454 8441.26068186    0.        ]
[  25.09219627   34.86795982 8926.19771472    0.        ]
[  25.12630899   35.51512832 9091.87284868    0.        ]
[  25.76282205   32.17795489 8237.55645223    0.        ]
[  26.1562503    30.42237822 7788.12882355    0.        ]
[  26.63145177   30.31383432 7760.34158606    0.        ]
[  26.45863181   30.05379004 7693.7702507     0.        ]
[  27.21350447   30.86895897 7902.45349521    0.        ]
[  26.78490925   30.36636562 7773.78959994    0.        ]
[  26.70695743   29.15476557 7463.61998552    0.        ]
[  27.00587315   28.80072507 7372.98561744    0.        ]
[  27.72264542   28.63523642 7330.62052472    0.        ]
[  27.28304663   28.6445388  7333.00193342    0.        ]
[  27.24147093   29.48212842 7547.4248767     0.        ]
[  28.11659082   29.15920766 7464.7571598     0.        ]
[  26.93773508   31.12400198 7967.74450749    0.        ]
[  29.41718997   28.11148888 7196.54115415    0.        ]
[  28.69385763   29.14908602 7462.16602099    0.        ]
[  29.18752881   29.27795786 7495.15721268    0.        ]
[  28.41727879   27.93400434 7151.10511048    0.        ]
[  28.14693782   28.33477898 7253.70341787    0.        ]
[  28.41820701   28.34175755 7255.4899319     0.        ]
[  27.59646788   28.67783548 7341.52588167    0.        ]
[  27.23894888   28.16274315 7209.66224651    0.        ]
[  28.4946253    28.55433617 7309.91006071    0.        ]
[  27.98467924   28.17723825 7213.37299177    0.        ]
[  28.07356661   28.09411248 7192.09279592    0.        ]
[  27.95754      28.36515692 7261.48017273    0.        ]
[  28.5144973    27.55493781 7054.06407993    0.        ]
[  27.56872457   28.62753091 7328.64791192    0.        ]
[  29.37962752   26.89676872 6885.57279253    0.        ]
[  29.58980505   26.66893525 6827.24742325    0.        ]
[  29.60920669   25.8396537  6614.95134794    0.        ]
[  29.1787201    26.26753946 6724.49010285    0.        ]
[  29.55012118   25.35696113 6491.38205032    0.        ]
[  30.06014237   26.20701385 6708.9955455     0.        ]
[  29.28998255   25.15519553 6439.73005466    0.        ]
[  29.01961068   25.54439415 6539.36490323    0.        ]
[  29.26549239   25.50815832 6530.08853105    0.        ]
[  28.65159997   26.28988411 6730.21033103    0.        ]
[  29.63022427   25.08355324 6421.38963062    0.        ]
[  29.54470268   25.32317341 6482.73239275    0.        ]
[  29.67812515   25.46521967 6519.09623433    0.        ]
[  29.68628887   24.84195398 6359.54021862    0.        ]
[  29.81142532   24.87672214 6368.44086793    0.        ]
[  30.72471163   24.78302237 6344.45372655    0.        ]
[  30.81825266   24.67413165 6316.5777014     0.        ]
[  32.34502058   24.75299173 6336.76588168    0.        ]
[  31.3968595    23.53566051 6025.12908999    0.        ]
[  31.42792524   24.27854125 6215.30655991    0.        ]
[  30.73753384   24.14813243 6181.92190199    0.        ]
[  31.46433862   23.98818686 6140.97583628    0.        ]
[  29.95957598   24.68288997 6318.81983199    0.        ]
[  31.2649096    23.63564932 6050.7262259     0.        ]
[  31.42393302   23.82274218 6098.62199813    0.        ]
[  31.0985513    24.49904318 6271.7550532     0.        ]
[  31.72995695   23.89712624 6117.66431806    0.        ]
[  30.94192187   24.37903094 6241.03192118    0.        ]
[  31.38502822   23.58402185 6037.50959381    0.        ]
[  31.06470849   23.59001892 6039.0448444     0.        ]
[  31.50349199   24.21633842 6199.38263492    0.        ]
[  31.70549819   23.23589705 5948.38964493    0.        ]
[  32.23234687   23.10625893 5915.20228637    0.        ]
[  32.07278892   23.23163818 5947.29937462    0.        ]
[  31.61740528   23.55339895 6029.67013186    0.        ]
[  32.40132129   22.68254746 5806.73214917    0.        ]
[  33.52034473   22.5999062  5785.57598636    0.        ]
[  34.17873945   22.85073639 5849.78851637    0.        ]
[  33.356049     23.13727152 5923.14150964    0.        ]
[  34.20161466   22.46804399 5751.81926155    0.        ]
[  33.7967726    22.7257364  5817.78851771    0.        ]
[  33.88202639   22.74560673 5822.8753241     0.        ]
[  34.13789583   21.95562775 5620.64070326    0.        ]
[  34.06491334   21.68038581 5550.17876729    0.        ]
[  34.31751659   21.75635685 5569.62735261    0.        ]
[  34.3473211    21.97654016 5625.994281      0.        ]
[  33.79427163   21.64881045 5542.09547557    0.        ]
[  34.79273133   21.77234616 5573.72061629    0.        ]
[  33.97734103   22.36710271 5725.9782925     0.        ]
[  34.05889948   22.48503754 5756.16961042    0.        ]
[  33.38440158   21.82868028 5588.14215069    0.        ]
[  32.99639068   21.70351378 5556.09952825    0.        ]
[  34.04072113   21.87153076 5599.11187582    0.        ]
[  33.15984493   21.42185808 5483.99566971    0.        ]
[  32.60381893   21.60615896 5531.17669309    0.        ]
[  33.80928952   21.19192039 5425.13162058    0.        ]
[  33.5371939    21.14059929 5411.99341919    0.        ]
[  33.45561181   21.08976066 5398.97873022    0.        ]
[  33.76702573   21.17066036 5419.68905268    0.        ]
[  33.19298102   20.97130918 5368.65515069    0.        ]
[  33.516867     20.89234461 5348.44022025    0.        ]
[  33.72173584   20.92752854 5357.44730572    0.        ]
[  33.3150704    20.99167502 5373.86880614    0.        ]
[  33.43476488   20.97704318 5370.12305361    0.        ]
[  34.13972849   21.45477867 5492.42333992    0.        ]
[  33.62255581   20.87370531 5343.66855937    0.        ]
[  33.27600457   20.87249065 5343.35760749    0.        ]
[  33.20493321   20.97439452 5369.4449966     0.        ]
[  33.85275866   21.03633013 5385.30051408    0.        ]
[  33.31423668   20.76556395 5315.98437217    0.        ]
[  33.25245651   20.7935796  5323.15637706    0.        ]
[  33.79330098   20.60734765 5275.48099859    0.        ]
[  33.65190525   20.55022912 5260.85865577    0.        ]
[  33.4930213    20.56373695 5264.31666011    0.        ]
[  33.37844725   20.48838356 5245.02619036    0.        ]
[  33.32101742   20.58346744 5269.36766337    0.        ]
[  33.59068421   20.69907666 5298.96362432    0.        ]
[  33.67272485   20.68822044 5296.18443199    0.        ]
[  34.05395446   20.89319919 5348.65899391    0.        ]
[  33.3712331    20.42171449 5227.95890894    0.        ]
[  33.92051127   20.37156062 5215.11951836    0.        ]
[  33.38770273   20.39881867 5222.09757957    0.        ]
[  33.70363268   20.40195982 5222.90171379    0.        ]
[  33.57672088   20.39348934 5220.73327134    0.        ]
[  33.83694076   20.54932043 5260.62602943    0.        ]
[  33.48611734   20.38042865 5217.38973476    0.        ]
[  34.20279448   20.34006497 5207.05663197    0.        ]
[  34.30842478   20.42685052 5229.2737339     0.        ]
[  33.72256296   20.20343317 5172.07889049    0.        ]
[  33.70879414   20.13533963 5154.64694449    0.        ]
[  33.97893928   20.07966004 5140.39297113    0.        ]
[  33.65192307   20.13868418 5155.50315083    0.        ]
[  33.67091623   20.13742032 5155.17960097    0.        ]
[  34.21941873   20.01483592 5123.79799441    0.        ]
[  33.95632145   19.84492886 5080.30178871    0.        ]
[  33.8687727    19.80341528 5069.67431161    0.        ]
[  33.61136612   19.81532552 5072.72333255    0.        ]
[  33.76388542   19.89288303 5092.5780568     0.        ]
[  33.62846093   19.99014563 5117.47728182    0.        ]
[  33.61740424   19.88428197 5090.37618397    0.        ]
[  33.8935491    19.92234264 5100.11971586    0.        ]
[  33.48201918   19.80304854 5069.58042649    0.        ]
[  33.36512144   19.84001104 5079.04282658    0.        ]
[  33.2501238    19.90856772 5096.59333635    0.        ]
[  33.15042664   19.829797   5076.42803323    0.        ]
[  33.52600022   19.79368599 5067.18361333    0.        ]
[  33.54910149   19.87343702 5087.59987667    0.        ]
[  33.38595159   19.82177487 5074.37436602    0.        ]
[  33.49307143   19.78792187 5065.70799756    0.        ]
[  33.86344121   19.78918676 5066.03181084    0.        ]
[  33.27621401   19.73395998 5051.89375523    0.        ]
[  33.47326448   19.59210879 5015.57984975    0.        ]
[  33.54309435   19.62499038 5023.99753689    0.        ]
[  33.60213529   19.60696932 5019.38414552    0.        ]
[  33.39624077   19.57946715 5012.3435892     0.        ]
[  33.45591634   19.59309486 5015.83228365    0.        ]
[  33.05536516   19.61970499 5022.64447786    0.        ]
[  33.18427841   19.68523635 5039.42050443    0.        ]
[  33.34890413   19.53885681 5001.94734239    0.        ]
[  33.26639457   19.47280415 4985.03786321    0.        ]
[  33.24517803   19.44609544 4978.20043188    0.        ]
[  33.1106581    19.44610163 4978.20201702    0.        ]
[  33.53447081   19.50964053 4994.46797515    0.        ]
[  33.07584549   19.4261263  4973.08833343    0.        ]
[  32.84159868   19.47714496 4986.1491088     0.        ]
[  33.03855354   19.47054496 4984.45951046    0.        ]
[  33.01230502   19.4295582  4973.9669004     0.        ]
[  32.91532658   19.38690548 4963.04780201    0.        ]
[  33.15494114   19.42868755 4973.74401295    0.        ]
[  32.71480181   19.64896383 5030.13473961    0.        ]
[  33.17221444   19.44127454 4976.96628258    0.        ]
[  32.48796858   19.5176198  4996.51066802    0.        ]
[  32.67826464   19.44332195 4977.4904194     0.        ]
[  33.25942025   19.47481327 4985.55219676    0.        ]
[  32.61093484   19.56029788 5007.43625819    0.        ]
[  32.89260745   19.38281233 4961.99995627    0.        ]
[  32.8331725    19.40039884 4966.50210399    0.        ]
[  32.8471646    19.32985615 4948.44317359    0.        ]
[  32.87926198   19.28294252 4936.43328493    0.        ]
[  32.81079389   19.31950943 4945.79441497    0.        ]
[  32.74203816   19.41863838 4971.17142439    0.        ]
[  33.04319181   19.30925514 4943.16931602    0.        ]
[  32.97432725   19.29578134 4939.72002342    0.        ]
[  33.04422726   19.29467475 4939.43673517    0.        ]
[  32.76144044   19.28816476 4937.77017757    0.        ]
[  33.21777568   19.173246   4908.35097648    0.        ]
[  33.14399032   19.17143174 4907.8865258     0.        ]
[  33.32287175   19.27743418 4935.02315008    0.        ]
[  33.1482486    19.1822239  4910.64931847    0.        ]
[  33.20713095   19.16882458 4907.21909341    0.        ]
[  33.6371249    19.16980827 4907.47091754    0.        ]
[  33.21960332   19.21570767 4919.22116294    0.        ]
[  33.26284666   19.23261318 4923.54897427    0.        ]
[  33.39574983   19.13480328 4898.50963863    0.        ]
[  33.30767926   19.12532262 4896.08259007    0.        ]
[  33.52842029   19.11495809 4893.42927178    0.        ]
[  33.19044075   19.13183581 4897.74996835    0.        ]
[  33.14824726   19.20321817 4916.02385079    0.        ]
[  33.34472527   19.09700929 4888.83437862    0.        ]
[  33.5058994    19.12228305 4895.30446013    0.        ]
[  33.43993672   19.09980352 4889.54970038    0.        ]
[  33.32401565   19.10882705 4891.85972437    0.        ]
[  33.68863756   19.11518263 4893.48675336    0.        ]
[  33.25770203   19.06898474 4881.66009462    0.        ]
[  33.31918448   19.04673315 4875.96368715    0.        ]
[  33.34320364   19.06507675 4880.6596471     0.        ]
[  33.37258799   19.12000162 4894.7204136     0.        ]
[  33.14012263   19.06611184 4880.92463097    0.        ]
[  33.38278996   19.07668483 4883.63131538    0.        ]
[  33.51227219   19.05209884 4877.33730354    0.        ]
[  33.29311276   19.05926396 4879.17157308    0.        ]
[  33.14826663   19.04607279 4875.79463355    0.        ]
[  33.20603037   19.05880374 4879.05375852    0.        ]
[  33.20937355   19.05550051 4878.20812946    0.        ]
[  33.25785157   19.09620452 4888.62835627    0.        ]
[  33.33229042   19.05908647 4879.12613744    0.        ]
[  32.86596861   19.06830086 4881.4850202     0.        ]
[  33.19424052   19.03297694 4872.44209676    0.        ]
[  33.3472013    19.00465945 4865.19281875    0.        ]
[  33.3881521    19.03310716 4872.47543242    0.        ]
[  33.53071057   19.01445287 4867.6999348     0.        ]
[  33.49525913   18.9970131  4863.23535353    0.        ]
[  33.57568747   19.03671034 4873.39784665    0.        ]
[  33.44186041   19.04060937 4874.39599841    0.        ]
[  33.67739455   18.99365295 4862.37515461    0.        ]
[  33.66485543   19.04560495 4875.67486622    0.        ]
[  33.67560711   19.02910948 4871.45202728    0.        ]
[  33.91039192   19.04221915 4874.80810139    0.        ]
[  33.69320212   19.05322273 4877.62501782    0.        ]
[  33.65257525   19.01760098 4868.50585016    0.        ]
[  33.55645199   18.92775512 4845.50531119    0.        ]
[  33.43301219   18.91190761 4841.44834938    0.        ]
[  33.28100278   18.9325741  4846.7389701     0.        ]
[  33.45427678   18.8777691  4832.70889058    0.        ]
[  33.59676966   18.88783362 4835.28540632    0.        ]
[  33.51203388   18.91527427 4842.31021226    0.        ]
[  33.50762565   18.84453609 4824.20123949    0.        ]
[  33.71801165   18.79538255 4811.61793405    0.        ]
[  33.61486722   18.78198025 4808.18694505    0.        ]
[  33.74316942   18.79284814 4810.96912437    0.        ]
[  33.45686362   18.81343498 4816.23935394    0.        ]
[  33.87511276   18.82530303 4819.27757507    0.        ]
[  33.60610555   18.77468853 4806.32026316    0.        ]
[  33.77053276   18.80301399 4813.57158091    0.        ]
[  33.44973365   18.77401801 4806.14860932    0.        ]
[  33.41032001   18.78523047 4809.01899914    0.        ]
[  33.35398414   18.83776352 4822.46746047    0.        ]
[  33.37034519   18.74533298 4798.80524208    0.        ]
[  33.28231336   18.76473716 4803.77271231    0.        ]
[  33.30764182   18.72356183 4793.23182931    0.        ]
[  33.52613946   18.7293357  4794.70993959    0.        ]
[  33.50271125   18.73617141 4796.45988045    0.        ]
[  33.27336964   18.71331875 4790.60960046    0.        ]
[  33.18541754   18.74503228 4798.72826359    0.        ]
[  33.32710255   18.70358482 4788.11771299    0.        ]
[  33.38173174   18.68085122 4782.29791294    0.        ]
[  33.55237624   18.68197064 4782.5844839     0.        ]