[1.14098824e+01 1.12274311e+02 2.87422236e+04 0.00000000e+00]
[1.10936212e+01 1.11722690e+02 2.86010086e+04 0.00000000e+00]
[1.03836133e+01 1.11515141e+02 2.85478761e+04 0.00000000e+00]
[1.16337464e+01 1.18679088e+02 3.03818465e+04 0.00000000e+00]
[8.47745012e+00 1.08465760e+02 2.77672345e+04 0.00000000e+00]
[9.49961920e+00 1.08087340e+02 2.76703591e+04 0.00000000e+00]
[9.54362643e+00 1.10992467e+02 2.84140716e+04 0.00000000e+00]
[9.47323848e+00 1.12309116e+02 2.87511336e+04 0.00000000e+00]
[9.00956383e+00 1.05807479e+02 2.70867146e+04 0.00000000e+00]
[8.53980890e+00 1.02845641e+02 2.63284841e+04 0.00000000e+00]
[7.65381060e+00 1.00575281e+02 2.57472719e+04 0.00000000e+00]
[8.32895570e+00 9.84231411e+01 2.51963241e+04 0.00000000e+00]
[8.51533423e+00 9.43727098e+01 2.41594137e+04 0.00000000e+00]
[7.81061510e+00 9.55739470e+01 2.44669304e+04 0.00000000e+00]
[7.62459317e+00 9.86805654e+01 2.52622247e+04 0.00000000e+00]
[8.52062514e+00 9.29808467e+01 2.38030967e+04 0.00000000e+00]
[8.48423720e+00 9.75190420e+01 2.49648747e+04 0.00000000e+00]
[7.07735624e+00 9.74594381e+01 2.49496161e+04 0.00000000e+00]
[9.76599959e+00 1.04535269e+02 2.67610288e+04 0.00000000e+00]
[8.18999692e+00 9.72548119e+01 2.48972319e+04 0.00000000e+00]
[7.80051198e+00 8.91493071e+01 2.28222226e+04 0.00000000e+00]
[8.31825189e+00 8.80529196e+01 2.25415474e+04 0.00000000e+00]
[7.88425340e+00 9.19560642e+01 2.35407524e+04 0.00000000e+00]
[8.34113666e+00 9.41593567e+01 2.41047953e+04 0.00000000e+00]
[8.27232433e+00 8.91301117e+01 2.28173086e+04 0.00000000e+00]
[7.64485525e+00 9.07694966e+01 2.32369911e+04 0.00000000e+00]
[9.73980793e+00 8.55919956e+01 2.19115509e+04 0.00000000e+00]
[1.07348402e+01 8.51720617e+01 2.18040478e+04 0.00000000e+00]
[1.15539793e+01 9.02897535e+01 2.31141769e+04 0.00000000e+00]
[1.02111423e+01 8.56054778e+01 2.19150023e+04 0.00000000e+00]
[1.14391225e+01 8.26261044e+01 2.11522827e+04 0.00000000e+00]
[1.18247143e+01 7.92540370e+01 2.02890335e+04 0.00000000e+00]
[1.17347591e+01 8.16966220e+01 2.09143352e+04 0.00000000e+00]
[1.21548168e+01 7.57808182e+01 1.93998895e+04 0.00000000e+00]
[1.18493139e+01 7.77567119e+01 1.99057183e+04 0.00000000e+00]
[1.21849504e+01 7.29064185e+01 1.86640431e+04 0.00000000e+00]
[1.21830865e+01 7.30799318e+01 1.87084625e+04 0.00000000e+00]
[1.29860892e+01 7.15000784e+01 1.83040201e+04 0.00000000e+00]
[1.30784149e+01 7.26993006e+01 1.86110210e+04 0.00000000e+00]
[1.37220353e+01 7.22701580e+01 1.85011604e+04 0.00000000e+00]
[1.27769601e+01 7.27446873e+01 1.86226399e+04 0.00000000e+00]
[1.30119052e+01 6.91805312e+01 1.77102160e+04 0.00000000e+00]
[1.39252362e+01 6.96067249e+01 1.78193216e+04 0.00000000e+00]
[1.47046162e+01 7.04849474e+01 1.80441465e+04 0.00000000e+00]
[1.40440221e+01 6.81029146e+01 1.74343461e+04 0.00000000e+00]
[1.38957945e+01 6.55028016e+01 1.67687172e+04 0.00000000e+00]
[1.43281151e+01 6.37032778e+01 1.63080391e+04 0.00000000e+00]
[1.47715494e+01 6.34445383e+01 1.62418018e+04 0.00000000e+00]
[1.49982383e+01 6.39535062e+01 1.63720976e+04 0.00000000e+00]
[   15.49057752    60.37990075 15457.25459215     0.        ]
[   15.99435209    60.08394967 15381.49111613     0.        ]
[   16.10939154    62.59690877 16024.80864627     0.        ]
[   15.72144527    59.42367356 15212.460431       0.        ]
[   15.42648591    59.14036465 15139.93335122     0.        ]
[   16.30329945    61.46529287 15735.11497533     0.        ]
[   15.68785618    57.90285079 14823.12980258     0.        ]
[   16.03273701    55.9301374  14318.11517547     0.        ]
[   15.82930081    58.43636899 14959.71046263     0.        ]
[   16.59148936    55.44304205 14193.41876488     0.        ]
[   16.14359295    58.67838024 15021.66534172     0.        ]
[   16.9473045     55.8778693  14304.73454051     0.        ]
[   16.95145966    57.15012813 14630.43280194     0.        ]
[   17.73014229    54.49724998 13951.2959942      0.        ]
[   16.97080919    53.47384051 13689.30317012     0.        ]
[   16.16242639    53.88325794 13794.11403372     0.        ]
[   16.4590952     54.82520103 14035.2514642      0.        ]
[   16.44098319    51.29293451 13130.99123381     0.        ]
[   16.94891186    50.01059267 12802.71172283     0.        ]
[   16.49226801    51.20390036 13108.19849321     0.        ]
[   17.07590274    48.9914176  12541.80290496     0.        ]
[   16.2080336     51.9563659  13300.82967026     0.        ]
[   16.74437059    50.94392549 13041.64492634     0.        ]
[   17.47540851    47.82820034 12244.01928716     0.        ]
[   17.62064713    49.48038203 12666.97780069     0.        ]
[   17.75285857    47.88811607 12259.3577143      0.        ]
[   17.4601146     46.61194943 11932.65905512     0.        ]
[   18.29192234    42.55587998 10894.30527537     0.        ]
[   17.82704729    46.43572648 11887.54598001     0.        ]
[   18.52087608    42.1555961  10791.8326025      0.        ]
[   18.11223637    40.69893802 10418.92813197     0.        ]
[   17.54152873    41.88365785 10722.21640856     0.        ]
[   18.61267938    39.457727   10101.17811074     0.        ]
[   18.29435379    39.77599654 10182.65511363     0.        ]
[  19.83619765   37.57234324 9618.51986933    0.        ]
[  19.86297895   36.82231297 9426.51212048    0.        ]
[   18.96565011    39.48420078 10107.95539991     0.        ]
[  19.71782167   37.28070127 9543.85952448    0.        ]
[  19.73587327   37.43456927 9583.24973297    0.        ]
[  19.99897869   35.73555435 9148.30191277    0.        ]
[  20.16273725   34.91386125 8937.94848077    0.        ]
[  21.44992245   33.92243252 8684.14272637    0.        ]
[  21.27139638   34.67616767 8877.0989248     0.        ]
[  20.80739867   34.33177087 8788.93334304    0.        ]
[  20.95499886   34.3492981  8793.42031302    0.        ]
[  21.05202472   34.0958368  8728.53421998    0.        ]
[  22.40243514   32.13164908 8225.7021634     0.        ]
[  23.8977077    31.10471486 7962.80700467    0.        ]
[  23.57048504   31.30305092 8013.58103599    0.        ]
[  22.57699964   32.96964026 8440.22790589    0.        ]
[  24.68519485   30.58520007 7829.81121771    0.        ]
[  25.21365611   30.05911086 7695.13237996    0.        ]
[  25.16195847   30.29961635 7756.70178563    0.        ]
[  25.30954733   30.33905627 7766.7984039     0.        ]
[  25.92690883   30.18313923 7726.88364296    0.        ]
[  25.67000002   30.68997747 7856.63423228    0.        ]
[  25.88709598   29.55376637 7565.76419196    0.        ]
[  26.68769669   29.02646594 7430.77528092    0.        ]
[  26.75120766   29.12076168 7454.91499073    0.        ]
[  27.48705908   28.85834189 7387.73552478    0.        ]
[  27.65422428   29.18680983 7471.82331659    0.        ]
[  28.70649727   27.84764806 7128.99790238    0.        ]
[  27.85536758   28.15685166 7208.15402524    0.        ]
[  28.18189213   27.4204124  7019.6255753     0.        ]
[  28.98123928   26.81656035 6865.03944994    0.        ]
[  29.79578764   26.48307489 6779.66717191    0.        ]
[  29.73802824   26.93295178 6894.8356546     0.        ]
[  29.75259934   26.68850131 6832.25633603    0.        ]
[  29.29027269   27.10146527 6937.97510898    0.        ]
[  30.07939888   26.8783299  6880.85245468    0.        ]
[  29.60064843   26.50909007 6786.32705892    0.        ]
[  29.41947157   26.53359949 6792.60147022    0.        ]
[  29.2677302    26.48722517 6780.72964332    0.        ]
[  30.44260805   26.40363391 6759.33028017    0.        ]
[  30.22934676   25.73645899 6588.53350143    0.        ]
[  30.56627252   25.55109227 6541.07962071    0.        ]
[  30.39442278   25.53276442 6536.38769244    0.        ]
[  30.30342582   25.2028049  6451.91805497    0.        ]
[  30.07154009   25.3879796  6499.32277737    0.        ]
[  30.25233782   25.18630542 6447.69418784    0.        ]
[  30.67524043   24.73132176 6331.21836942    0.        ]
[  30.58358867   24.93157066 6382.48209006    0.        ]
[  31.39028798   24.51229486 6275.14748523    0.        ]
[  31.70251979   24.44294157 6257.39304126    0.        ]
[  31.30797185   24.76440251 6339.68704301    0.        ]
[  32.2492348    24.52897329 6279.4171619     0.        ]
[  30.99508548   24.5109738  6274.80929319    0.        ]
[  30.71234665   24.50170476 6272.43641793    0.        ]
[  31.81509726   24.39050194 6243.96849677    0.        ]
[  31.51132296   24.27244413 6213.74569713    0.        ]
[  31.50523076   24.29444038 6219.37673777    0.        ]
[  31.28038181   24.11463477 6173.34650155    0.        ]
[  31.61660464   24.08735356 6166.36251026    0.        ]
[  31.10194407   24.05818187 6158.89455762    0.        ]
[  31.6960261    24.13854603 6179.46778427    0.        ]
[  30.55347085   24.13635382 6178.90657807    0.        ]
[  31.03517802   23.88322069 6114.10449659    0.        ]
[  30.05608491   23.92863466 6125.73047222    0.        ]
[  30.88083503   24.12249514 6175.35875615    0.        ]
[  31.06343548   23.69548557 6066.04430628    0.        ]
[  30.82308444   23.90443314 6119.53488468    0.        ]
[  30.89417348   23.89300062 6116.6081599     0.        ]
[  30.29191181   23.77253825 6085.76979154    0.        ]
[  30.98984491   23.65920403 6056.7562314     0.        ]
[  30.81609995   23.49625824 6015.04210917    0.        ]
[  31.11764929   23.48872058 6013.11246886    0.        ]
[  31.0213621   23.4190817 5995.284916     0.       ]
[  30.73983338   23.32956268 5972.36804505    0.        ]
[  30.23927573   23.59808911 6041.11081152    0.        ]
[  30.88699979   23.38856171 5987.47179655    0.        ]
[  31.28839795   23.21668819 5943.47217784    0.        ]
[  30.96097831   23.06468593 5904.55959759    0.        ]
[  31.19381586   22.91289217 5865.70039443    0.        ]
[  31.18751933   23.00806329 5890.06420235    0.        ]
[  31.02159853   23.00254808 5888.65230924    0.        ]
[  31.85182228   22.87271478 5855.41498391    0.        ]
[  31.82663911   23.04194009 5898.73666217    0.        ]
[  31.11339495   22.96150033 5878.14408439    0.        ]
[  31.56172069   22.92070152 5867.69958974    0.        ]
[  32.01733499   23.14055883 5923.98306145    0.        ]
[  32.35439649   22.67277032 5804.22920305    0.        ]
[  32.29316584   22.50349794 5760.89547269    0.        ]
[  32.29612933   22.62917276 5793.06822691    0.        ]
[  32.40027175   22.55665312 5774.50319787    0.        ]
[  32.27436113   22.73717677 5820.71725385    0.        ]
[  32.36153956   22.40121809 5734.71183067    0.        ]
[  32.36642931   22.20622453 5684.79348073    0.        ]
[  31.60695781   22.58398824 5781.50098842    0.        ]
[  32.24886882   22.1842979  5679.18026195    0.        ]
[  32.04616903   22.45943229 5749.61466651    0.        ]
[  31.84557467   22.61366747 5789.09887328    0.        ]
[  32.46908979   22.37517538 5728.04489625    0.        ]
[  33.03891443   22.04349063 5643.13360075    0.        ]
[  32.73300503   22.55924538 5775.16681682    0.        ]
[  33.24863251   21.88015269 5601.31908963    0.        ]
[  33.75413479   21.79327247 5579.07775216    0.        ]
[  33.94276346   21.76388085 5571.55349823    0.        ]
[  34.0126949    21.77156199 5573.51986954    0.        ]
[  33.71797586   21.84102676 5591.30285057    0.        ]
[  33.40419558   21.9115724  5609.36253318    0.        ]
[  34.07126397   21.78140284 5576.0391271     0.        ]
[  34.04225916   21.65912555 5544.73614124    0.        ]
[  34.24395377   21.59363219 5527.96984098    0.        ]
[  34.7501344    21.55225977 5517.37850022    0.        ]
[  35.09238209   21.54550428 5515.64909494    0.        ]
[  35.05213746   21.53131645 5512.01701196    0.        ]
[  34.75319854   21.50395165 5505.01162364    0.        ]
[  34.93802055   21.49400791 5502.46602414    0.        ]
[  34.98319935   21.44796172 5490.67820152    0.        ]
[  35.29344547   21.38236202 5473.88467638    0.        ]
[  34.99381154   21.46989108 5496.29211599    0.        ]
[  35.22296808   21.45850868 5493.37822162    0.        ]
[  35.30805362   21.51610434 5508.12271003    0.        ]
[  35.29469751   21.34453138 5464.20003305    0.        ]
[  35.48281082   21.30908044 5455.12459165    0.        ]
[  35.34051628   21.37511697 5472.02994461    0.        ]
[  35.72064174   21.31669763 5457.07459352    0.        ]
[  35.35211602   21.30287587 5453.53622283    0.        ]
[  35.41684482   21.33280077 5461.19699745    0.        ]
[  35.30343879   21.2597899  5442.50621362    0.        ]
[  35.46342606   21.23288403 5435.61831293    0.        ]
[  35.80089006   21.27121573 5445.43122605    0.        ]
[  35.70347274   21.27605169 5446.66923232    0.        ]
[  35.33522096   21.17825322 5421.6328238     0.        ]
[  35.61699248   21.0887512  5398.72030812    0.        ]
[  36.02103652   20.99313959 5374.24373395    0.        ]
[  36.19393954   21.01948067 5380.98705052    0.        ]
[  35.85423831   20.97071907 5368.50408315    0.        ]
[  35.84195161   21.06311963 5392.15862587    0.        ]
[  36.29810719   20.9458224  5362.13053404    0.        ]
[  36.34132841   20.86037201 5340.2552354     0.        ]
[  36.33445208   20.88723408 5347.13192404    0.        ]
[  36.85646909   20.92309085 5356.31125884    0.        ]
[  36.46813022   20.90814368 5352.48478176    0.        ]
[  36.46785239   20.88914108 5347.62011725    0.        ]
[  36.37472778   20.81659894 5329.04932958    0.        ]
[  36.47443541   20.91209781 5353.49703919    0.        ]
[  36.35872583   20.83490429 5333.73549936    0.        ]
[  36.60514187   20.88740239 5347.1750111     0.        ]
[  36.64655143   20.80635423 5326.42668374    0.        ]
[  36.66085592   20.85363442 5338.53041237    0.        ]
[  36.64640791   20.77809728 5319.19290297    0.        ]
[  36.71217675   20.80716074 5326.63314907    0.        ]
[  36.6057888    20.76867982 5316.78203314    0.        ]
[  36.83528461   20.8206921  5330.09717845    0.        ]
[  36.64645308   20.79944658 5324.65832566    0.        ]
[  36.69478133   20.74169386 5309.87362922    0.        ]
[  36.62856507   20.74442409 5310.57256627    0.        ]
[  36.7664408    20.80736954 5326.68660131    0.        ]
[  36.53013869   20.69476398 5297.8595795     0.        ]
[  36.61721844   20.76326363 5315.39549015    0.        ]
[  36.27454075   20.6973969  5298.53360628    0.        ]
[  36.17108471   20.70801508 5301.2518602     0.        ]
[  36.52724758   20.71828279 5303.88039421    0.        ]
[  36.50393006   20.6660824  5290.51709314    0.        ]
[  36.43649087   20.68627146 5295.68549262    0.        ]
[  36.67585063   20.67912268 5293.85540534    0.        ]
[  36.26919275   20.7082927  5301.32293233    0.        ]
[  36.44553165   20.62621404 5280.31079471    0.        ]
[  36.55106151   20.67073783 5291.70888554    0.        ]
[  36.55997833   20.64322791 5284.66634582    0.        ]
[  36.65470683   20.62249108 5279.35771635    0.        ]
[  36.92759743   20.70637388 5300.83171423    0.        ]
[  36.76129347   20.59638349 5272.67417315    0.        ]
[  36.61577228   20.62135052 5279.06573222    0.        ]
[  36.80376366   20.57290061 5266.66255613    0.        ]
[  36.77954554   20.55527615 5262.15069487    0.        ]
[  36.54828916   20.56952932 5265.79950587    0.        ]
[  36.72544405   20.53718034 5257.51816755    0.        ]
[  36.67966201   20.52444831 5254.25876787    0.        ]
[  36.83314329   20.53478028 5256.90375082    0.        ]
[  36.9119843    20.50122081 5248.31252745    0.        ]
[  36.99261754   20.48211724 5243.42201344    0.        ]
[  36.87292031   20.52784222 5255.127609      0.        ]
[  37.16767432   20.50071103 5248.18202325    0.        ]
[  36.96199574   20.49884609 5247.70459997    0.        ]
[  37.12487864   20.48109154 5243.15943334    0.        ]
[  37.10991334   20.48990655 5245.41607584    0.        ]
[  37.14609164   20.47031843 5240.40151789    0.        ]
[  37.08618542   20.45925263 5237.56867322    0.        ]
[  36.92741261   20.46419824 5238.83474918    0.        ]
[  37.07207187   20.45138961 5235.55574043    0.        ]
[  36.91077728   20.45465229 5236.39098532    0.        ]
[  36.99468655   20.43907335 5232.40277651    0.        ]
[  36.73300095   20.48804486 5244.93948403    0.        ]
[  36.92208902   20.4111803  5225.26215724    0.        ]
[  36.77470165   20.40558602 5223.83002103    0.        ]
[  36.76564517   20.41578223 5226.44025134    0.        ]
[  36.60894195   20.43128923 5230.41004308    0.        ]
[  36.74629691   20.40795057 5224.4353447     0.        ]
[  36.92637554   20.41712757 5226.78465859    0.        ]
[  36.63860978   20.43431393 5231.18436514    0.        ]
[  36.75954538   20.38286111 5218.01244502    0.        ]
[  36.66133914   20.40338085 5223.2654975     0.        ]
[  36.84671874   20.39800524 5221.88934264    0.        ]
[  36.78195853   20.3868035  5219.0216959     0.        ]
[  36.80245525   20.38056354 5217.42426743    0.        ]
[  36.66517475   20.37207261 5215.25058794    0.        ]
[  36.71443245   20.34567142 5208.49188445    0.        ]
[  36.64131118   20.33368871 5205.42430936    0.        ]
[  36.71350694   20.35654438 5211.27536238    0.        ]
[  36.56637191   20.34283977 5207.76698009    0.        ]
[  36.66434028   20.35650864 5211.2662131     0.        ]
[  36.77922685   20.32743183 5203.82254861    0.        ]
[  36.7345867    20.35860372 5211.80255328    0.        ]
[  36.72194258   20.29650368 5195.90494232    0.        ]
[  36.69437224   20.28865025 5193.89446369    0.        ]
[  36.80766807   20.26994615 5189.10621475    0.        ]
[  36.91422899   20.26498241 5187.83549819    0.        ]
[  36.88799334   20.2844147  5192.81016343    0.        ]
[  36.96716346   20.26652466 5188.23031251    0.        ]
[  37.144533     20.26653595 5188.23320313    0.        ]