[11.40988235  0.          0.02500184  0.        ]
[11.64181006  0.82045035  0.02526924  0.        ]
[11.64349771  0.76010017  0.02765123  0.        ]
[11.81952327  0.29435626  0.02953508  0.        ]
[11.85439217  0.70859299  0.03122356  0.        ]
[11.58113181  0.5081418   0.03076385  0.        ]
[11.43909265  0.44779477  0.03120299  0.        ]
[11.37485109  0.79259011  0.02781577  0.        ]
[11.06614124  0.46154847  0.02767319  0.        ]
[11.15736854  0.84408372  0.02693276  0.        ]
[11.3316271   1.8480472   0.02620979  0.        ]
[11.3556414   1.8241607   0.02608444  0.        ]
[11.21120322  1.81514834  0.02649094  0.        ]
[11.38763325  2.03424255  0.02694601  0.        ]
[11.21468757  2.54469256  0.02494939  0.        ]
[11.0815847   2.41726468  0.02441636  0.        ]
[11.20180329  2.82131022  0.02436835  0.        ]
[11.13659929  2.89545826  0.02435099  0.        ]
[10.96435891  3.42978612  0.02371256  0.        ]
[11.05535315  3.15362992  0.02465984  0.        ]
[10.80863037  2.74323092  0.02441311  0.        ]
[10.648809    2.87506756  0.02298125  0.        ]
[10.81449609  2.51652137  0.02347837  0.        ]
[10.88818109  2.33149148  0.02342759  0.        ]
[10.96025513  2.54200303  0.02353149  0.        ]
[11.23598396  2.1090169   0.023641    0.        ]
[11.43051702  2.23073578  0.02327023  0.        ]
[11.25044878  1.51746417  0.02209581  0.        ]
[11.19377714  1.33152829  0.02207376  0.        ]
[11.15132067  1.26086428  0.02164046  0.        ]
[11.20254706  1.56884947  0.02156667  0.        ]
[11.36509659  2.09115248  0.02183773  0.        ]
[11.36900864  2.64815005  0.02213762  0.        ]
[11.48624441  2.54271462  0.02195708  0.        ]
[11.50454942  2.88327102  0.02233035  0.        ]
[11.38787149  3.04047893  0.02234772  0.        ]
[11.3853469   3.22037306  0.02192061  0.        ]
[11.28428565  2.82207153  0.02213211  0.        ]
[11.29940538  2.80345016  0.02213322  0.        ]
[11.51173639  2.27242491  0.02255784  0.        ]
[11.55533197  2.70393561  0.02232002  0.        ]
[11.44473024  2.54999044  0.02160214  0.        ]
[11.48666971  2.80959257  0.02156299  0.        ]
[11.58908302  2.49393575  0.02169445  0.        ]
[11.73045236  2.41610271  0.02163934  0.        ]
[11.95021475  2.45652881  0.02207902  0.        ]
[11.95765345  2.05205173  0.02181701  0.        ]
[11.94981279  2.1478092   0.02281674  0.        ]
[12.19100509  2.18525944  0.02394661  0.        ]
[12.07655144  2.4675049   0.02422147  0.        ]
[12.13909007  2.55376201  0.02410596  0.        ]
[12.26921308  2.12076977  0.02584234  0.        ]
[12.37560344  2.31555291  0.02644132  0.        ]
[12.23834955  2.62245369  0.02615527  0.        ]
[12.23682302  2.44236427  0.02585593  0.        ]
[12.22984141  2.54331931  0.02478062  0.        ]
[12.24465544  2.62644718  0.02444708  0.        ]
[12.14117852  2.59829695  0.02348641  0.        ]
[12.18837008  2.50275724  0.02342416  0.        ]
[12.18288943  2.05580715  0.02356008  0.        ]
[12.16742885  2.65566964  0.02299932  0.        ]
[12.33548852  2.81458899  0.02292987  0.        ]
[12.31975425  3.27884636  0.02344401  0.        ]
[12.33731683  3.16253185  0.0235161   0.        ]
[12.42921771  2.71417742  0.02377595  0.        ]
[12.55026562  3.03790166  0.02344883  0.        ]
[12.48194828  3.38164157  0.02300852  0.        ]
[12.64401967  3.32499808  0.0237272   0.        ]
[12.61374802  3.18785912  0.02426557  0.        ]
[12.52103573  2.94002134  0.02457758  0.        ]
[12.52621363  3.05958667  0.02472847  0.        ]
[12.50417738  3.01167109  0.02486426  0.        ]
[12.48092821  2.78963489  0.02471321  0.        ]
[12.55214758  3.03800084  0.02552495  0.        ]
[12.69465384  3.16419646  0.0249266   0.        ]
[12.69597169  2.87208548  0.02577518  0.        ]
[12.65090924  2.6793271   0.02589382  0.        ]
[12.61113163  3.06053912  0.025468    0.        ]
[12.71089096  2.76086901  0.02571481  0.        ]
[12.63489576  2.48570822  0.02488369  0.        ]
[12.68264822  2.32752039  0.02496712  0.        ]
[12.8110276   2.48782211  0.02495739  0.        ]
[12.8009227   2.05950929  0.02445484  0.        ]
[12.70889332  1.96073306  0.02430756  0.        ]
[12.75921808  1.92348861  0.02503866  0.        ]
[12.71257835  2.16047359  0.02486243  0.        ]
[12.71947745  2.11027616  0.02466342  0.        ]
[12.65680748  2.17228477  0.02484694  0.        ]
[12.54739864  2.15513928  0.02372489  0.        ]
[12.5252618   2.19114267  0.02326073  0.        ]
[12.41769646  2.39845817  0.02310015  0.        ]
[12.38195299  2.33157478  0.02261735  0.        ]
[12.38286739  2.4690976   0.02234361  0.        ]
[12.35928681  2.73498804  0.02262039  0.        ]
[12.37458897  2.58792506  0.0229813   0.        ]
[12.3851945   3.04781569  0.02318737  0.        ]
[12.37972596  2.89641483  0.02294494  0.        ]
[12.4552131   3.06901613  0.02275428  0.        ]
[12.31490966  3.40517358  0.02234084  0.        ]
[12.35468255  3.47665713  0.02262795  0.        ]
[12.35639546  3.60408435  0.02251215  0.        ]
[12.37254821  3.49131827  0.02228015  0.        ]
[12.35629779  3.28525907  0.02225069  0.        ]
[12.3891094   3.28390542  0.02221316  0.        ]
[12.4163704   3.49880608  0.02233287  0.        ]
[12.45292574  3.37078614  0.02281849  0.        ]
[12.38563946  3.50611266  0.0222825   0.        ]
[12.38854308  3.63199004  0.02230632  0.        ]
[12.34744074  3.79579401  0.02227221  0.        ]
[12.3086297   4.12994596  0.02212677  0.        ]
[12.24651244  4.11672076  0.02187405  0.        ]
[12.29240835  4.12654737  0.02192927  0.        ]
[12.32020775  3.8588579   0.02189501  0.        ]
[12.26676753  3.86727502  0.02181934  0.        ]
[12.27693179  3.92194889  0.02182398  0.        ]
[12.18642225  3.75339738  0.02196112  0.        ]
[12.09880268  3.44275851  0.02204937  0.        ]
[12.12701505  3.51423891  0.02209032  0.        ]
[12.07696636  3.43983933  0.02177511  0.        ]
[11.97150952  3.31892925  0.0214087   0.        ]
[12.00141254  3.34865451  0.02133637  0.        ]
[11.95996578  3.28123074  0.0215578   0.        ]
[11.94676451  3.07112163  0.02143308  0.        ]
[12.09907388  3.02999055  0.02165128  0.        ]
[12.10740152  3.0257924   0.0214974   0.        ]
[12.0834719   2.84908472  0.0215306   0.        ]
[12.05934088  2.84683751  0.02140578  0.        ]
[12.04315011  2.76557883  0.02149697  0.        ]
[12.0641959   2.80668801  0.02177366  0.        ]
[12.17055694  2.72819099  0.02188442  0.        ]
[12.17110227  2.60907423  0.02168876  0.        ]
[12.10471763  2.5637223   0.02166425  0.        ]
[12.11204372  2.83675843  0.02186989  0.        ]
[12.09554163  2.70435797  0.0220564   0.        ]
[12.10375171  2.65228587  0.02171653  0.        ]
[12.15406877  2.7542317   0.02170406  0.        ]
[12.1189271   2.68489868  0.02194841  0.        ]
[12.11583     2.66848513  0.02195921  0.        ]
[12.07670723  2.82618435  0.02154685  0.        ]
[12.05052709  2.86019135  0.02165157  0.        ]
[11.97172011  2.76708181  0.02163267  0.        ]
[11.96081727  2.89464014  0.02178472  0.        ]
[11.958465    2.67848266  0.02179816  0.        ]
[11.88280475  2.65518573  0.02176157  0.        ]
[11.84503535  2.56636947  0.02185958  0.        ]
[11.76277516  2.3239247   0.02147778  0.        ]
[11.72483462  2.4055604   0.02127055  0.        ]
[11.6720758   2.19959018  0.02123401  0.        ]
[11.62116586  2.35834392  0.02120372  0.        ]
[11.6392619   2.25919859  0.0211789   0.        ]
[11.64568039  2.37188698  0.02127714  0.        ]
[11.60898328  2.46037422  0.02123866  0.        ]
[11.68514501  2.53897978  0.0212033   0.        ]
[11.67379308  2.50746368  0.02116884  0.        ]
[11.68491968  2.51461292  0.021096    0.        ]
[11.6900479   2.65509189  0.02107443  0.        ]
[11.73115898  2.60620994  0.02098715  0.        ]
[11.72597702  2.59043746  0.0208241   0.        ]
[11.7381448  2.6181948  0.0206485  0.       ]
[11.69569121  2.57867941  0.02058707  0.        ]
[11.71179437  2.44097016  0.02061985  0.        ]
[11.69577649  2.58521632  0.0206571   0.        ]
[11.65830128  2.59494262  0.02065694  0.        ]
[11.67059681  2.47371672  0.02069795  0.        ]
[11.61822573  2.44101762  0.0207926   0.        ]
[11.60829625  2.49604413  0.02070497  0.        ]
[11.57456199  2.52178193  0.02085123  0.        ]
[11.57553936  2.55222017  0.02090596  0.        ]
[11.55169163  2.55881316  0.02083818  0.        ]
[11.51704641  2.36991302  0.02081736  0.        ]
[11.50619709  2.44195048  0.02088113  0.        ]
[11.45300269  2.41999606  0.02100028  0.        ]
[11.5034025   2.3320696   0.02089937  0.        ]
[11.49152607  2.30728543  0.02091262  0.        ]
[11.49544462  2.32663764  0.02088932  0.        ]
[11.54296497  2.40267829  0.02086883  0.        ]
[11.54912368  2.4319358   0.02098293  0.        ]
[11.57595557  2.39474951  0.02102444  0.        ]
[11.57279752  2.52463114  0.02093371  0.        ]
[11.5666051   2.46535907  0.02091765  0.        ]
[11.56946882  2.50665103  0.02089778  0.        ]
[11.60573003  2.56185436  0.02098215  0.        ]
[11.71325317  2.62305594  0.021155    0.        ]
[11.66659204  2.69651418  0.0209089   0.        ]
[11.61962403  2.80880931  0.02089804  0.        ]
[11.60476365  2.91384541  0.02087294  0.        ]
[11.54525919  2.86720533  0.02085259  0.        ]
[11.5514103   2.86240869  0.02087818  0.        ]
[11.54709027  2.87006984  0.02100812  0.        ]
[11.58235597  2.92374862  0.02095536  0.        ]
[11.60067822  2.90000908  0.02106877  0.        ]
[11.62089719  2.83628448  0.02110345  0.        ]
[11.6124925   2.74649497  0.02103583  0.        ]
[11.66220471  2.749527    0.02104163  0.        ]
[11.68034415  2.5225115   0.0211075   0.        ]
[11.65723466  2.64074248  0.02101789  0.        ]
[11.67984881  2.68636543  0.020967    0.        ]
[11.63792246  2.80182894  0.02101717  0.        ]
[11.64828112  2.81326636  0.02097841  0.        ]
[11.6581997   2.84304044  0.02101556  0.        ]
[11.6962734   2.88883867  0.02101761  0.        ]
[11.73725699  2.94539989  0.02110118  0.        ]
[11.68231555  2.94514944  0.02115505  0.        ]
[11.67310306  2.94515569  0.02114949  0.        ]
[11.69967271  2.8832286   0.02116596  0.        ]
[11.68737822  2.84856571  0.02134582  0.        ]
[11.69403783  2.98042516  0.0213403   0.        ]
[11.6999507   2.97005933  0.02135766  0.        ]
[11.70526861  3.06891616  0.02141469  0.        ]
[11.69559113  2.99631436  0.02136372  0.        ]
[11.69313703  2.96947015  0.02126195  0.        ]
[11.66527801  2.9157425   0.02118699  0.        ]
[11.69856092  2.98433387  0.02125637  0.        ]
[11.70945036  2.94117659  0.02133303  0.        ]
[11.71886627  2.88743123  0.02145745  0.        ]
[11.72380435  2.79015423  0.02146103  0.        ]
[11.72387567  2.82808331  0.02144332  0.        ]
[11.78870504  2.91379742  0.02147834  0.        ]
[11.78563652  2.89295973  0.02159205  0.        ]
[11.80254033  2.91670933  0.02156667  0.        ]
[11.7593692  2.9199987  0.0214438  0.       ]
[11.7618882   2.94002526  0.02120219  0.        ]
[11.75522012  2.88018769  0.02105769  0.        ]
[11.72992872  2.76743079  0.02090608  0.        ]
[11.7281624   2.76366465  0.02080751  0.        ]
[11.69304927  2.70550154  0.02078042  0.        ]
[11.67879012  2.73634378  0.02075015  0.        ]
[11.68465949  2.76505128  0.0206212   0.        ]
[11.66391641  2.81274044  0.0204759   0.        ]
[11.6828087   2.87564591  0.02052778  0.        ]
[11.70316679  2.79432151  0.02058432  0.        ]
[11.66628536  2.77104217  0.02056317  0.        ]
[11.65381154  2.80859323  0.02059291  0.        ]
[11.66128051  2.83811334  0.02060079  0.        ]
[11.67640816  2.82031941  0.02062149  0.        ]
[11.69817148  2.82589425  0.0207032   0.        ]
[11.67611926  2.82957377  0.02063586  0.        ]
[11.63269063  2.80862394  0.02068658  0.        ]
[11.63147166  2.82583575  0.02078376  0.        ]
[11.6351872   2.84112919  0.02075456  0.        ]
[11.63136092  2.8506979   0.02076564  0.        ]
[11.63455316  2.85803967  0.02065522  0.        ]
[11.61919714  2.84913387  0.02064182  0.        ]
[11.60846544  2.85188885  0.02061366  0.        ]
[11.60068799  2.79197045  0.02067671  0.        ]
[11.57425352  2.82528161  0.0206413   0.        ]
[11.59997418  2.85499325  0.02068946  0.        ]
[11.60475691  2.92788588  0.02066158  0.        ]
[11.58629246  2.95157284  0.02062594  0.        ]
[11.60400971  2.96385584  0.02056784  0.        ]
[11.62051925  3.00851276  0.02054108  0.        ]
[11.61729829  3.01886825  0.02051232  0.        ]
[11.60766112  3.02271076  0.02049036  0.        ]
[11.60637607  3.0549807   0.02051172  0.        ]
[11.62272059  3.0091411   0.02051897  0.        ]
[11.62898914  3.00143962  0.02058175  0.        ]
[11.62729592  3.01380177  0.02053797  0.        ]
[11.61875292  2.96038311  0.02058735  0.        ]
[11.64235649  2.94167559  0.02058201  0.        ]
[11.62441956  2.93546155  0.02061008  0.        ]
[11.62442166  3.00020251  0.0205958   0.        ]
[11.64099364  2.97600985  0.02062015  0.        ]
[11.63593427  2.94650745  0.02063579  0.        ]
[11.63192076  2.94349538  0.02060477  0.        ]
[11.62260796  2.9925371   0.02062705  0.        ]
[11.6229912   2.94671257  0.02060056  0.        ]
[11.60788318  2.9465534   0.02057798  0.        ]
[11.61000585  2.98026248  0.02056792  0.        ]
[11.63836656  2.98797679  0.02056753  0.        ]
[11.64000802  3.02338204  0.02058355  0.        ]
[11.63084854  3.00930429  0.02063471  0.        ]
[11.62348062  3.01505244  0.02063253  0.        ]
[11.62141879  2.98383897  0.02069962  0.        ]
[11.62148153  3.01079519  0.02072774  0.        ]
[11.6143138   3.0883509   0.02068866  0.        ]
[11.60034641  3.14766116  0.02078673  0.        ]
[11.58940833  3.17147685  0.02073478  0.        ]
[11.58501349  3.18916882  0.02070861  0.        ]
[11.56872139  3.11047641  0.02067442  0.        ]
[11.58127374  3.09371617  0.02065815  0.        ]
[11.55870439  3.0859097   0.0206662   0.        ]
[11.57752101  3.07197417  0.0206561   0.        ]
[11.58514739  3.11761231  0.0206396   0.        ]
[11.55693847  3.07837024  0.02063315  0.        ]
[11.54972106  3.06209566  0.02054606  0.        ]
[11.54389874  3.12477967  0.02053804  0.        ]
[11.54482141  3.05613053  0.02054331  0.        ]
[11.54961459  3.1057413   0.02055239  0.        ]
[11.54085954  3.05467417  0.02052563  0.        ]
[11.52554347  3.08681915  0.02056679  0.        ]
[11.52409261  3.10915774  0.02055366  0.        ]
[11.52685175  3.0962108   0.02054778  0.        ]
[11.52988323  3.05659326  0.02053705  0.        ]
[11.52717115  3.10294505  0.02054338  0.        ]
[11.52164853  3.10132844  0.02055158  0.        ]
[11.51784137  3.09269108  0.02057092  0.        ]
[11.50673973  3.08779288  0.02051658  0.        ]
[11.48589546  3.07958676  0.02047717  0.        ]
[11.4905894   3.09217466  0.02049055  0.        ]
[11.48954924  3.04962357  0.02049632  0.        ]
[11.49144845  3.02169761  0.0205126   0.        ]
[11.48510193  3.05513883  0.02052787  0.        ]
[11.480145    3.10438092  0.02054669  0.        ]
[11.47106164  3.1003231   0.0205481   0.        ]
[11.4661634   3.1116763   0.02053635  0.        ]
[11.47259027  3.09261238  0.02053757  0.        ]
[11.48331383  3.10656984  0.02056481  0.        ]
[11.49557707  3.10815952  0.02059929  0.        ]
[11.49683925  3.16367074  0.0205608   0.        ]
[11.51131649  3.14578007  0.02058855  0.        ]
[11.51713064  3.19643451  0.02058542  0.        ]
[11.51491475  3.19882602  0.02056247  0.        ]
[11.51636335  3.21181752  0.02052908  0.        ]
[11.5148042   3.17531957  0.02054284  0.        ]
[11.52595614  3.17358456  0.02059455  0.        ]
[11.53391908  3.16235013  0.02061113  0.        ]
[11.53918115  3.14069357  0.02066241  0.        ]
[11.54248962  3.12620744  0.0206586   0.        ]
[11.5541962   3.11441263  0.02066092  0.        ]
[11.55163227  3.11214747  0.02066178  0.        ]
[11.5443096   3.07615149  0.02067511  0.        ]
[11.53931703  3.07067025  0.02069189  0.        ]
[11.54460495  3.05460636  0.02065403  0.        ]
[11.5347464   3.05703001  0.02058851  0.        ]
[11.52155847  3.05306288  0.02056116  0.        ]
[11.53390554  3.06074827  0.02057234  0.        ]
[11.55159503  3.09924141  0.02057367  0.        ]
[11.55654489  3.10833121  0.02061346  0.        ]
[11.55123285  3.08731141  0.02063211  0.        ]
[11.55264312  3.09609715  0.02062564  0.        ]
[11.5539294   3.1035942   0.02062373  0.        ]
[11.55376279  3.1019624   0.0206539   0.        ]
[11.55638074  3.12641943  0.02065362  0.        ]
[11.56262294  3.1216916   0.02066157  0.        ]
[11.55846646  3.11636011  0.02067468  0.        ]
[11.57047198  3.10694063  0.02069243  0.        ]
[11.56992155  3.11241988  0.02069574  0.        ]
[11.5655244   3.12591345  0.02068921  0.        ]
[11.56989159  3.13790839  0.02066771  0.        ]
[11.56848937  3.15401408  0.02064145  0.        ]
[11.57649242  3.14641712  0.02067194  0.        ]
[11.57740366  3.14552116  0.02064373  0.        ]
[11.57890637  3.11881331  0.02066245  0.        ]
[11.57409957  3.09375405  0.02068771  0.        ]
[11.57124072  3.09961853  0.0206655   0.        ]
[11.57159866  3.08076978  0.02067685  0.        ]
[11.57668738  3.09370065  0.02067931  0.        ]
[11.57669196  3.09741839  0.02068189  0.        ]
[11.5651363   3.10212473  0.02067626  0.        ]
[11.57122957  3.08042197  0.02067408  0.        ]
[11.57348836  3.09071989  0.02064746  0.        ]
[11.57739703  3.05869502  0.02063116  0.        ]
[11.57641496  3.05858924  0.02061207  0.        ]
[11.5840219   3.05533138  0.02063605  0.        ]
[11.58726408  3.07059111  0.02064265  0.        ]
[11.58638806  3.03163213  0.02063182  0.        ]
[11.57746654  3.01868735  0.02060898  0.        ]
[11.57777027  3.01336938  0.02061841  0.        ]
[11.57574133  3.02204871  0.02060752  0.        ]
[11.57241135  3.05565407  0.02060719  0.        ]
[11.5765125   3.05989986  0.02063332  0.        ]
[11.57673344  3.08099978  0.02063449  0.        ]
[11.58038454  3.0958969   0.02062587  0.        ]
[11.58728171  3.09186359  0.02064557  0.        ]
[11.59369324  3.09307322  0.02065878  0.        ]
[11.59439034  3.0832207   0.02068439  0.        ]
[11.59273339  3.06638151  0.02066822  0.        ]
[11.5934717   3.06939956  0.02065097  0.        ]
[11.59280467  3.07661029  0.02062977  0.        ]
[11.59994605  3.07728762  0.02062709  0.        ]
[11.60282593  3.0535663   0.02063435  0.        ]
[11.60473176  3.07191209  0.02061853  0.        ]
[11.61025509  3.06437069  0.02063043  0.        ]
[11.61153392  3.06225395  0.02064936  0.        ]
[11.60619725  3.05964514  0.02065194  0.        ]
[11.60143825  3.07270634  0.02065606  0.        ]
[11.60094253  3.07008381  0.02063636  0.        ]
[11.59922756  3.08925742  0.02064952  0.        ]
[11.60500201  3.09039622  0.02067752  0.        ]
[11.60605379  3.08731049  0.02067776  0.        ]
[11.59998698  3.08712447  0.02066639  0.        ]
[11.59787714  3.08693177  0.02063857  0.        ]
[11.59441896  3.07058551  0.02064199  0.        ]
[11.58808731  3.08159332  0.02062288  0.        ]
[11.58639588  3.07851072  0.02064233  0.        ]
[11.58707245  3.06827873  0.02064406  0.        ]
[11.58740009  3.08472907  0.02064542  0.        ]
[11.58344429  3.0920612   0.02064599  0.        ]
[11.58419756  3.07971808  0.02065657  0.        ]
[11.5845006   3.0662271   0.02067035  0.        ]
[11.58673518  3.06967506  0.02067082  0.        ]
[11.58420238  3.08481593  0.02067407  0.        ]
[11.58156623  3.08019922  0.02067016  0.        ]
[11.58156372  3.08338854  0.02065042  0.        ]
[11.5845407   3.10102332  0.02065066  0.        ]
[11.58438321  3.09797471  0.02066256  0.        ]
[11.59144302  3.0780466   0.02066028  0.        ]
[11.59077397  3.07824556  0.02065799  0.        ]
[11.5998918   3.07356579  0.02067704  0.        ]
[11.58921378  3.05662255  0.02066682  0.        ]
[11.58691989  3.05405905  0.02066772  0.        ]
[11.58902152  3.05770382  0.02066319  0.        ]
[11.58625863  3.05953596  0.02065966  0.        ]
[11.58208069  3.06103324  0.02065409  0.        ]
[11.58284603  3.06169967  0.0206617   0.        ]
[11.58717698  3.05111447  0.02067593  0.        ]
[11.5817935   3.06401233  0.02064699  0.        ]
[11.58018632  3.06228588  0.02063615  0.        ]
[11.5828752   3.0590138   0.02063313  0.        ]
[11.58514474  3.05271252  0.02062307  0.        ]
[11.58356278  3.05451688  0.02061163  0.        ]
[11.58730689  3.05667533  0.02062041  0.        ]
[11.58678829  3.05386274  0.02061719  0.        ]
[11.59101571  3.06219433  0.02062547  0.        ]
[11.59116151  3.06332917  0.0206254   0.        ]
[11.58836071  3.06614547  0.02060682  0.        ]
[11.59048949  3.05633736  0.02061155  0.        ]
[11.59438911  3.05398252  0.02060971  0.        ]
[11.59060193  3.04602873  0.02061061  0.        ]
[11.59463745  3.04428825  0.02060268  0.        ]
[11.59501825  3.03315874  0.0206079   0.        ]
[11.59291674  3.02844313  0.02060693  0.        ]
[11.59247748  3.03867967  0.02061259  0.        ]
[11.59146968  3.03642896  0.02060321  0.        ]
[11.59111992  3.02532013  0.02059957  0.        ]
[11.59144374  3.03141859  0.02060719  0.        ]
[11.59052222  3.01630566  0.02061071  0.        ]
[11.59235739  3.02131855  0.0206169   0.        ]
[11.58999403  3.02170231  0.0206103   0.        ]
[11.58891135  3.02641833  0.02061434  0.        ]
[11.58475923  3.02880691  0.02061626  0.        ]
[11.57922989  3.02487798  0.02061719  0.        ]
[11.57885271  3.03044457  0.02061061  0.        ]
[11.58088342  3.03639333  0.0206108   0.        ]
[11.58098485  3.03575291  0.02061027  0.        ]
[11.57981393  3.02700525  0.02062609  0.        ]
[11.58019103  3.02792938  0.02063008  0.        ]
[11.57997608  3.0345248   0.02064068  0.        ]
[11.57788063  3.04277014  0.02062624  0.        ]
[11.57985498  3.04252468  0.02062884  0.        ]
[11.57948769  3.03608234  0.02063142  0.        ]
[11.58068018  3.03876938  0.02064814  0.        ]
[11.57884386  3.04630458  0.0206444   0.        ]
[11.58058688  3.04207156  0.02065238  0.        ]
[11.58082541  3.04391536  0.0206608   0.        ]
[11.58379376  3.04911025  0.02066921  0.        ]
[11.58315941  3.04538082  0.02067895  0.        ]
[11.57999444  3.05576642  0.0206765   0.        ]
[11.58107837  3.05849009  0.02068032  0.        ]
[11.58061803  3.06006052  0.02067942  0.        ]
[11.58194337  3.06226991  0.02068603  0.        ]
[11.58020607  3.05865448  0.02068934  0.        ]
[11.58374348  3.05452204  0.02069108  0.        ]
[11.58550377  3.05821368  0.0206932   0.        ]
[11.58448608  3.06330283  0.02068387  0.        ]
[11.58535141  3.06689786  0.0206764   0.        ]
[11.58540774  3.06265131  0.02067125  0.        ]
[11.5884128   3.07065182  0.02068498  0.        ]
[11.58391779  3.06976396  0.02067894  0.        ]
[11.58256581  3.07111905  0.02067711  0.        ]
[11.5838974   3.07363434  0.02067929  0.        ]
[11.58642212  3.0662388   0.02068074  0.        ]
[11.58510815  3.06835117  0.02067756  0.        ]
[11.58489266  3.06496931  0.02066928  0.        ]
[11.58383656  3.06669456  0.02067284  0.        ]
[11.58505419  3.07419063  0.02067192  0.        ]
[11.58271785  3.07610425  0.02066559  0.        ]
[11.58297523  3.08211189  0.0206642   0.        ]
[11.58504852  3.08066984  0.02067389  0.        ]
[11.57993364  3.08057305  0.0206683   0.        ]
[11.58028527  3.08054653  0.02067207  0.        ]
[11.57990784  3.08170946  0.02066331  0.        ]
[11.58004693  3.08205592  0.02065471  0.        ]
[11.58193022  3.08806756  0.02065249  0.        ]
[11.58213573  3.09003746  0.02064797  0.        ]
[11.58320147  3.0874417   0.02065283  0.        ]
[11.58125083  3.0877824   0.02066164  0.        ]
[11.58386625  3.08946375  0.02067205  0.        ]
[11.5867352   3.09289849  0.02067106  0.        ]
[11.58904357  3.09151453  0.02067102  0.        ]
[11.5890096   3.09080557  0.02066339  0.        ]
[11.5905127   3.09500376  0.02066284  0.        ]
[11.58995258  3.09199475  0.02065665  0.        ]
[11.59129688  3.09094512  0.02065095  0.        ]
[11.59051916  3.08598835  0.02064256  0.        ]
[11.59215923  3.08554975  0.02063759  0.        ]
[11.59379946  3.08410257  0.02063709  0.        ]
[11.59392275  3.08808532  0.02063987  0.        ]
[11.59209303  3.08579256  0.02064005  0.        ]
[11.59153778  3.07913672  0.02063962  0.        ]
[11.59025834  3.08167231  0.02063853  0.        ]
[11.58965652  3.07952808  0.02064309  0.        ]
[11.59022053  3.0783499   0.02064378  0.        ]
[11.58996651  3.08212683  0.02063942  0.        ]
[11.58831719  3.07753059  0.02062929  0.        ]
[11.58957172  3.07935022  0.02063174  0.        ]
[11.58978198  3.08406535  0.02063378  0.        ]
[11.59167061  3.08307486  0.02063521  0.        ]
[11.58987288  3.08250765  0.02063205  0.        ]
[11.5902632   3.08355016  0.02063724  0.        ]
[11.58904488  3.08032868  0.02063744  0.        ]