[   22.9096063    267.13243739 14371.73407406     0.        ]
[   23.71597069   267.67308942 13957.49381075     0.        ]
[   24.50999497   267.6856671  13545.04910184     0.        ]
[   24.0193042    267.9281785  13982.33622742     0.        ]
[   22.81239374   267.47149946 13579.16645658     0.        ]
[   26.16899356   267.88366612 13506.87002045     0.        ]
[   26.11090798   267.85853719 13949.94374403     0.        ]
[   26.83149506   267.39511413 13503.4016318      0.        ]
[   26.67287785   267.4296241  13508.55651669     0.        ]
[   26.39318767   267.58409186 13256.47444991     0.        ]
[   25.53859086   267.69091073 13481.19166636     0.        ]
[   26.08428162   267.75689473 13284.21818085     0.        ]
[   27.18432614   267.38149859 12659.50287519     0.        ]
[   26.43045828   267.52177592 13161.39464811     0.        ]
[   27.61840462   267.54271968 12676.63014882     0.        ]
[   26.10224357   267.49147314 13017.74952513     0.        ]
[   28.86304056   267.51985116 12759.74014432     0.        ]
[   27.22773075   267.28948904 12366.10807798     0.        ]
[   27.40908266   267.38313084 12635.60081417     0.        ]
[   26.90658823   267.21063911 12178.59241859     0.        ]
[   26.6594456    267.59856534 11716.85282498     0.        ]
[   26.219578     267.7627996  12011.32571372     0.        ]
[   25.64421448   267.43974938 12009.26310623     0.        ]
[   27.8559331    268.06114525 11485.87964634     0.        ]
[   27.571906     267.95804283 11432.50934532     0.        ]
[   27.72074786   267.94958803 11285.08900393     0.        ]
[   27.6936324    267.71757572 10950.07117845     0.        ]
[   28.42057189   267.83918878 10746.35731755     0.        ]
[   27.99316405   268.18277487 10950.99078166     0.        ]
[   28.32973634   267.24246449 10410.44290844     0.        ]
[   27.09412726   267.26483365 10073.54099818     0.        ]
[  27.83703297  267.55343229 9843.63214875    0.        ]
[   28.58028912   267.23839125 10016.3205724      0.        ]
[  26.76027668  267.80975556 9906.90119915    0.        ]
[   26.02639951   267.12683734 10273.35850307     0.        ]
[  27.73380098  267.46408097 9607.53143989    0.        ]
[  27.39839678  268.08460954 9388.87683045    0.        ]
[  27.99771024  267.91665216 8978.02311532    0.        ]
[  29.00976742  267.71222754 8719.30498921    0.        ]
[  30.84418479  267.46258713 8501.09759274    0.        ]
[  31.63859436  267.90406361 8195.98484846    0.        ]
[  32.34288072  268.29783273 8080.78670894    0.        ]
[  32.26287169  268.64068613 7974.34636992    0.        ]
[  32.50576541  269.07994257 8146.71094917    0.        ]
[  30.8718581   268.78084875 8080.27076911    0.        ]
[  32.30648114  269.12766475 8078.36228564    0.        ]
[  32.97882461  268.93174104 8131.72470602    0.        ]
[  30.94388257  268.66332846 8131.79611039    0.        ]
[  32.60235874  268.5879312  8050.92773362    0.        ]
[  32.89977996  268.46817733 8362.24975488    0.        ]
[  32.72409404  268.43673765 7802.35357771    0.        ]
[  32.4257803   268.39716369 7537.10356625    0.        ]
[  34.28058116  268.67376202 7293.60794871    0.        ]
[  33.44511789  268.6032053  7242.94024697    0.        ]
[  33.53463599  268.72570815 7208.56908682    0.        ]
[  34.02333866  268.52843724 7069.54496645    0.        ]
[  34.39009313  268.58916736 7039.12999512    0.        ]
[  36.30727154  268.45796897 6900.06388911    0.        ]
[  38.70277418  267.9809788  6585.78230982    0.        ]
[  37.933856    267.79969579 6516.86669033    0.        ]
[  38.56354379  267.88007044 6451.37626437    0.        ]
[  37.49198796  267.91570394 6450.23850694    0.        ]
[  36.29645551  268.16542128 6730.23858558    0.        ]
[  36.17589567  267.74330946 6805.92887034    0.        ]
[  36.65601263  267.58398597 6767.82868957    0.        ]
[  37.48020511  267.96604484 6215.4023147     0.        ]
[  38.98454955  268.28725993 6159.20728618    0.        ]
[  40.54700699  268.45277114 5797.75148129    0.        ]
[  41.41204421  268.14765761 5405.94935072    0.        ]
[  40.84004495  268.01637784 5483.57846557    0.        ]
[  39.24521398  268.21445231 5771.64649785    0.        ]
[  40.8732653   268.44056119 5795.92227002    0.        ]
[  42.39771381  268.35734511 4992.47877443    0.        ]
[  41.91658276  268.55754767 5298.42134398    0.        ]
[  43.25637846  268.02448488 4716.41529279    0.        ]
[  43.75193902  268.10639591 4709.1531135     0.        ]
[  42.52076656  268.00264286 4775.67414331    0.        ]
[  43.31079307  268.22087748 4946.21927351    0.        ]
[  42.90457235  268.36833414 4874.09856481    0.        ]
[  41.93404941  268.16369116 4872.01493054    0.        ]
[  44.24170016  268.27176862 4603.98655132    0.        ]
[  43.23466943  268.68326668 4745.62665843    0.        ]
[  45.32373639  268.3570591  4483.20848557    0.        ]
[  45.92141295  268.07593655 4299.19287656    0.        ]
[  46.30504159  267.82077546 4261.10541893    0.        ]
[  45.89630151  267.47227266 4519.78312613    0.        ]
[  43.42199388  267.77598775 4766.94670235    0.        ]
[  45.98910851  267.68790836 4143.43003974    0.        ]
[  43.69835166  267.47069625 4479.25520297    0.        ]
[  46.69991444  267.52732054 4127.62710172    0.        ]
[  47.67931875  267.3559053  4001.85603639    0.        ]
[  49.06289275  267.51766591 3821.19898855    0.        ]
[  48.19021759  266.93756559 3933.81738373    0.        ]
[  50.73973171  267.90376072 3681.39744082    0.        ]
[  51.44048432  268.17682209 3468.91979646    0.        ]
[  50.30447074  268.06257757 3586.87542266    0.        ]
[  50.19247889  268.07559084 3601.923755      0.        ]
[  51.0624365   268.31585065 3447.27832351    0.        ]
[  49.58267816  268.09858488 3656.32650848    0.        ]
[  52.84492667  267.78461306 3475.48669059    0.        ]
[  51.70352823  267.89227273 3540.85349726    0.        ]
[  50.17276705  268.41924896 3472.22574148    0.        ]
[  51.46869088  268.61439393 3386.75539792    0.        ]
[  48.8828572   268.8432865  3768.51753456    0.        ]
[  51.9131397   268.93407012 3405.07392402    0.        ]
[  51.86749686  268.68228465 3282.74644648    0.        ]
[  52.6683708   268.99894223 3257.86467823    0.        ]
[  53.79552349  268.51002481 3257.35530108    0.        ]
[  52.03281563  269.16878793 3232.82001864    0.        ]
[  51.23236719  269.11556576 3112.94481484    0.        ]
[  52.12828647  269.58758651 3135.89834443    0.        ]
[  50.93849618  269.1130194  3266.72457197    0.        ]
[  51.27203049  268.55222453 3159.7972946     0.        ]
[  52.07020652  269.57797271 3182.27972789    0.        ]
[  52.34354681  269.12446667 3104.40089177    0.        ]
[  52.71701291  268.68987907 3166.3912778     0.        ]
[  51.19062215  269.3844023  3331.89059067    0.        ]
[  50.16970953  268.92770381 3506.05442778    0.        ]
[  52.30859039  268.86237628 3047.61051088    0.        ]
[  52.31619002  268.96875006 2979.9745126     0.        ]
[  54.32017789  269.28699864 2878.53888141    0.        ]
[  52.05847003  269.30664505 3104.5651863     0.        ]
[  52.92822647  268.96093878 2900.79019808    0.        ]
[  53.86419154  269.1455375  2844.50230397    0.        ]
[  54.50868079  269.10672173 2805.77669325    0.        ]
[  52.84464256  268.50566231 3004.49642835    0.        ]
[  56.36268979  269.32677378 2778.62754593    0.        ]
[  56.78436463  269.59549408 2720.52174239    0.        ]
[  57.76544199  269.21388978 2768.55710265    0.        ]
[  56.75115138  269.12887212 2767.52925321    0.        ]
[  55.74393272  269.24722764 2862.14423982    0.        ]
[  59.11400705  269.59415504 2690.37366506    0.        ]
[  58.7702561   269.20267959 2755.03080188    0.        ]
[  58.0916972   269.50491637 2713.21053469    0.        ]
[  59.95540052  269.91201087 2653.2937377     0.        ]
[  59.34902184  270.27185712 2637.07453597    0.        ]
[  60.15505062  270.67123769 2676.57134387    0.        ]
[  59.71372023  270.18735032 2658.1893925     0.        ]
[  57.56141285  270.10043842 2669.32581719    0.        ]
[  59.2547371   270.25892579 2633.08932594    0.        ]
[  60.41712164  270.4166187  2615.85286986    0.        ]
[  62.50653514  269.9153706  2712.78356062    0.        ]
[  60.37272385  270.01954577 2657.44336671    0.        ]
[  59.49643924  270.35145834 2637.81674005    0.        ]
[  60.53165431  270.3647069  2673.25072085    0.        ]
[  60.80108452  270.05518148 2595.23830989    0.        ]
[  56.61161189  269.68125603 2601.1054937     0.        ]
[  61.81278701  270.01879778 2653.12860658    0.        ]
[  61.23430898  270.13385584 2608.16812859    0.        ]
[  60.78443423  269.80315853 2613.57239805    0.        ]
[  60.59908367  269.84035142 2605.69783607    0.        ]
[  61.32836971  270.12911187 2563.75597862    0.        ]
[  64.13087785  270.27690084 2597.50392037    0.        ]
[  61.09865219  270.49370185 2524.01954067    0.        ]
[  58.56684177  270.41294138 2535.50914465    0.        ]
[  60.00977468  270.41636016 2534.40301742    0.        ]
[  58.36873005  270.05888568 2512.80955548    0.        ]
[  59.07937054  270.14257982 2502.5195135     0.        ]
[  61.32570457  270.18383319 2533.91256633    0.        ]
[  59.20364669  270.35932409 2555.71000563    0.        ]
[  58.16860316  270.04582731 2493.1803162     0.        ]
[  56.11124632  270.26187662 2488.60003729    0.        ]
[  56.59718982  270.05926148 2499.49438687    0.        ]
[  57.17610284  270.06057159 2522.20061486    0.        ]
[  56.99739921  270.68795662 2468.48813539    0.        ]
[  55.63677861  271.06950201 2622.59971964    0.        ]
[  58.78200671  270.59947185 2440.60668064    0.        ]
[  59.56481519  270.47997849 2440.24054203    0.        ]
[  60.13576885  270.50635019 2430.19816007    0.        ]
[  59.70382248  270.58012545 2512.7090222     0.        ]
[  60.34549179  271.2587164  2485.47445089    0.        ]
[  59.04603449  270.04148035 2466.06744553    0.        ]
[  59.82744833  270.63498758 2408.43151601    0.        ]
[  57.1645941   270.97059787 2452.39161113    0.        ]
[  62.24254326  271.26819585 2414.22259211    0.        ]
[  61.71302109  270.9857658  2420.50296635    0.        ]
[  60.13918431  270.9747253  2424.19488368    0.        ]
[  60.59860658  270.57743276 2398.83490264    0.        ]
[  59.94255159  270.63742914 2424.32642009    0.        ]
[  58.50501073  270.40752764 2421.02343411    0.        ]
[  58.6456824   271.00181243 2429.97933103    0.        ]
[  56.74955732  270.7417832  2494.7006429     0.        ]
[  62.58492987  270.52360933 2407.39368184    0.        ]
[  61.22684618  270.65399683 2384.70386755    0.        ]
[  62.04506245  271.27864336 2392.62868419    0.        ]
[  58.53348888  270.64852982 2388.34354376    0.        ]
[  61.50113647  270.66085525 2403.04117772    0.        ]
[  61.65675924  270.78629477 2401.46021355    0.        ]
[  62.66161641  270.79448649 2408.54578545    0.        ]
[  61.128258    270.27286865 2417.67955017    0.        ]
[  64.09277872  270.54216084 2464.52049679    0.        ]
[  61.35199223  270.24556813 2428.08780432    0.        ]
[  60.36856499  270.25547951 2420.20824436    0.        ]
[  61.0725145   270.83602845 2390.95859363    0.        ]
[  60.23680933  270.52154489 2425.79890622    0.        ]
[  59.70471101  270.69809694 2378.09219896    0.        ]
[  60.53740902  270.76790318 2359.07059474    0.        ]
[  60.65120459  270.79474985 2374.56139609    0.        ]
[  61.8585342   271.064543   2362.86705535    0.        ]
[  62.29673625  270.59012224 2345.28992375    0.        ]
[  64.46798028  270.63134659 2383.76817094    0.        ]
[  64.67338827  270.17228871 2439.59502397    0.        ]
[  60.41075554  270.70303999 2359.32266964    0.        ]
[  61.41716191  270.69855856 2320.69288312    0.        ]
[  60.71994413  270.62665372 2310.88105713    0.        ]
[  59.52185688  270.68420658 2304.42441641    0.        ]
[  59.74760512  270.777417   2301.63455862    0.        ]
[  59.53247357  271.27523486 2341.7232954     0.        ]
[  60.01535977  270.70516984 2299.68127302    0.        ]
[  61.77918571  271.09843795 2298.58246614    0.        ]
[  59.97894592  270.26773101 2316.51348846    0.        ]
[  61.40960626  270.22820696 2414.43701185    0.        ]
[  59.71854351  270.70375736 2296.19638367    0.        ]
[  58.24899852  270.7190052  2286.05696233    0.        ]
[  60.66157969  270.40263054 2287.40735744    0.        ]
[  61.01897924  270.78278669 2245.17083652    0.        ]
[  59.79146785  270.74343636 2251.92278148    0.        ]
[  60.34428068  270.5553027  2264.16100388    0.        ]
[  60.22907377  270.34258055 2253.53754704    0.        ]
[  61.14156589  271.11256144 2216.22493219    0.        ]
[  61.27638496  271.1675299  2206.63468263    0.        ]
[  61.58279083  271.01532821 2179.75257633    0.        ]
[  62.04800966  271.18560969 2185.35041198    0.        ]
[  63.56652077  270.62885779 2236.85999244    0.        ]
[  59.35821074  270.8420916  2211.66698072    0.        ]
[  61.45576854  271.25328596 2214.77992764    0.        ]
[  63.43763274  271.2324963  2175.43560003    0.        ]
[  63.22110828  271.34449723 2156.97619458    0.        ]
[  61.90895863  271.16664898 2162.75113305    0.        ]
[  64.61720026  271.52795377 2186.85426987    0.        ]
[  63.48428448  271.38680717 2164.21237196    0.        ]
[  63.96704988  271.24622884 2182.95420766    0.        ]
[  61.13629984  271.15368153 2145.67223927    0.        ]
[  61.60058684  271.06629174 2146.76497312    0.        ]
[  60.75766297  271.0785317  2179.16429437    0.        ]
[  59.79393728  271.11598606 2181.19620323    0.        ]
[  60.08565658  270.86356785 2135.1213114     0.        ]
[  61.16606679  270.37711615 2123.29546172    0.        ]
[  58.92551588  270.51992423 2144.77952201    0.        ]
[  59.82207474  270.45683307 2135.07252867    0.        ]
[  60.71656426  270.0907069  2162.02062937    0.        ]
[  60.43895845  269.58252942 2267.46183093    0.        ]
[  62.80159697  270.20537941 2145.38795312    0.        ]
[  60.49766178  270.48357105 2102.51483765    0.        ]
[  61.96866302  270.95991397 2114.53970799    0.        ]
[  60.12127127  270.44998172 2123.10955094    0.        ]
[  60.9965351   270.1445642  2124.38710137    0.        ]
[  60.7202406   270.50043354 2117.49054442    0.        ]
[  61.32409052  270.36110791 2119.30793467    0.        ]
[  61.83606428  269.78936736 2128.01010441    0.        ]
[  59.09460618  270.44391996 2115.59075667    0.        ]
[  61.44304326  271.24790301 2152.87346093    0.        ]
[  60.85534899  270.48746825 2129.5917586     0.        ]
[  60.37199757  270.70823158 2137.39921695    0.        ]
[  60.47301659  270.57377089 2127.91239078    0.        ]
[  59.35772347  269.71711145 2178.62289       0.        ]
[  61.07035215  270.55408116 2128.39452153    0.        ]
[  59.04580442  270.74091963 2224.00309968    0.        ]
[  62.52134376  270.8535281  2068.61844014    0.        ]
[  61.44592113  270.9572794  2121.06718061    0.        ]
[  63.23742323  271.06250573 2110.12026094    0.        ]
[  63.3155978   270.91100659 2060.26645719    0.        ]
[  61.26646745  270.43849477 2065.18168588    0.        ]
[  65.7067873   270.51845228 2114.19580052    0.        ]
[  64.63549203  270.81426648 2070.98238208    0.        ]
[  64.44014283  271.26448037 2065.05558111    0.        ]
[  62.79818018  271.24016227 2127.24843193    0.        ]
[  62.92007303  271.26055411 2145.72889144    0.        ]
[  63.58543426  271.33026606 2095.90059903    0.        ]
[  64.63717524  270.51884153 2043.21528286    0.        ]
[  63.16823071  270.48465554 2071.92720939    0.        ]
[  62.45940537  270.2231167  2110.37977674    0.        ]
[  64.20613671  270.16277222 2077.99449297    0.        ]
[  64.96968089  270.08487889 2093.45752697    0.        ]
[  66.87541297  270.55103436 2034.48587384    0.        ]
[  66.05901025  270.56744296 2036.54556308    0.        ]
[  65.33758474  270.54800081 1996.61167458    0.        ]
[  64.72355769  270.49174046 1988.97167412    0.        ]
[  64.42276449  269.91236138 2028.22418149    0.        ]
[  64.59584254  270.57333444 1969.49601478    0.        ]
[  67.25376654  270.7338774  1980.10352712    0.        ]
[  63.92904335  270.59577277 1960.67134886    0.        ]
[  63.10073016  270.60787127 1970.61927489    0.        ]
[  64.96015712  270.30277969 1968.05143637    0.        ]
[  64.27013964  271.42904568 2125.69023527    0.        ]
[  67.85932266  270.84981514 1891.25060585    0.        ]
[  68.7271278   271.18068692 1879.76816292    0.        ]
[  72.00029693  271.33243806 1923.9430043     0.        ]
[  67.90792193  271.29112227 1919.31856839    0.        ]
[  68.71973876  271.54466225 1903.87729464    0.        ]
[  68.26272899  271.22554037 1886.84181347    0.        ]
[  68.42512119  270.5093669  1889.67574782    0.        ]
[  67.67500712  270.77501887 1896.75692889    0.        ]
[  69.80373711  271.22978021 1910.79207609    0.        ]
[  70.01168798  271.30766929 1868.32651429    0.        ]
[  67.90545737  271.5769756  1937.9885345     0.        ]
[  70.28505045  271.10318988 1853.80558606    0.        ]
[  69.93375345  270.69711166 1809.07513954    0.        ]
[  70.75696722  271.06778706 1820.66393642    0.        ]
[  69.61809611  270.72575545 1826.34830529    0.        ]
[  68.56479879  270.82126274 1850.24415288    0.        ]