[ 22.9096063    3.17697009 406.65217159   0.        ]
[ 21.77530062   3.07668037 393.81508757   0.        ]
[ 18.97755716   2.81423504 360.22208474   0.        ]
[ 18.53812814   2.76058932 353.35543291   0.        ]
[ 18.30387323   2.64522777 338.58915458   0.        ]
[ 18.97179401   2.58571747 330.97183617   0.        ]
[ 20.09301347   2.71571181 347.61111229   0.        ]
[ 20.19764542   2.63793174 337.65526306   0.        ]
[ 19.5805453    2.51238598 321.58540531   0.        ]
[ 18.32449712   2.31686206 296.55834341   0.        ]
[ 17.44016092   2.30907386 295.56145441   0.        ]
[ 17.31535373   2.30557383 295.11345015   0.        ]
[ 16.96267598   2.12903811 272.51687792   0.        ]
[ 16.0870175    2.05897756 263.54912784   0.        ]
[ 16.50201104   2.21817482 283.92637689   0.        ]
[ 15.94372968   2.12769364 272.34478553   0.        ]
[ 15.69293588   2.0756152  265.67874507   0.        ]
[ 16.7290054    2.00484136 256.61969381   0.        ]
[ 17.67092805   1.91324304 244.89510954   0.        ]
[ 17.73512044   2.00111191 256.14232422   0.        ]
[ 18.48363048   2.05578016 263.13986111   0.        ]
[ 17.36492018   1.89383451 242.41081695   0.        ]
[ 17.65893705   1.8326885  234.58412795   0.        ]
[ 17.04738628   1.88675599 241.50476729   0.        ]
[ 18.93508422   1.92751035 246.72132418   0.        ]
[ 17.99489779   1.87278653 239.71667541   0.        ]
[ 18.22063102   1.79940083 230.32330657   0.        ]
[ 18.08400122   1.84583433 236.26679398   0.        ]
[ 18.25211218   1.75012803 224.01638733   0.        ]
[ 17.80500313   1.79437191 229.67960435   0.        ]
[ 18.6397991    1.74798808 223.74247447   0.        ]
[ 18.6434519    1.66072848 212.57324586   0.        ]
[ 17.88783424   1.65370025 211.67363185   0.        ]
[ 17.56465833   1.49190426 190.96374486   0.        ]
[ 18.01567024   1.55511281 199.05443956   0.        ]
[ 18.3100126    1.41037454 180.52794119   0.        ]
[ 18.54343082   1.41176089 180.70539368   0.        ]
[ 18.11142713   1.3775158  176.32202284   0.        ]
[ 18.02649001   1.41382134 180.96913136   0.        ]
[ 18.50554374   1.28719182 164.76055296   0.        ]
[ 18.79011217   1.34937784 172.72036374   0.        ]
[ 18.84614842   1.20491836 154.2295499    0.        ]
[ 18.69598844   1.19739287 153.26628714   0.        ]
[ 18.7068837    1.22686899 157.03923102   0.        ]
[ 18.62785358   1.17993894 151.03218447   0.        ]
[ 18.29511169   1.1507058  147.29034206   0.        ]
[ 18.88413003   1.14601247 146.6895965    0.        ]
[ 19.3931009   1.1272375 144.2864004   0.       ]
[ 18.83091891   1.13508939 145.29144232   0.        ]
[ 19.92237245   1.14067125 146.00592021   0.        ]
[ 19.63682827   1.17211217 150.03035778   0.        ]
[ 19.42666969   1.13902124 145.79471931   0.        ]
[ 20.30939917   1.11155595 142.27916185   0.        ]
[ 20.46534686   1.10830503 141.86304425   0.        ]
[ 20.78951679   1.06995172 136.95381956   0.        ]
[ 20.84831874   1.1276073  144.33373394   0.        ]
[ 20.77297569   1.03119401 131.99283374   0.        ]
[ 20.67051296   1.02851618 131.65007138   0.        ]
[ 20.40082683   1.06279345 136.03756139   0.        ]
[ 20.54857632   1.02309834 130.95658716   0.        ]
[ 20.79372921   1.01829956 130.34234369   0.        ]
[ 21.25248172   1.02824561 131.61543821   0.        ]
[ 20.94782276   1.01156091 129.47979589   0.        ]
[ 20.88950893   1.03277525 132.19523141   0.        ]
[ 21.05376906   1.0725315  137.2840319    0.        ]
[ 20.93465902   0.96809439 123.91608175   0.        ]
[ 21.29873943   0.977481   125.11756843   0.        ]
[ 20.46654953   0.91241473 116.7890852    0.        ]
[ 20.71201273   0.92513018 118.41666279   0.        ]
[ 20.62381172   0.88252412 112.96308744   0.        ]
[ 20.55248611   0.87829705 112.42202182   0.        ]
[ 20.64549874   0.85292277 109.17411424   0.        ]
[ 20.24011417   0.88373367 113.11791002   0.        ]
[ 20.67720277   0.87766808 112.34151406   0.        ]
[ 20.90832214   0.85010834 108.81386798   0.        ]
[ 20.10223032   0.88719893 113.56146242   0.        ]
[ 20.79806512   0.82602648 105.73138896   0.        ]
[ 20.79927359   0.85071586 108.89162976   0.        ]
[ 20.48566863   0.83149565 106.43144295   0.        ]
[ 21.11762281   0.85581938 109.54488114   0.        ]
[ 20.88746867   0.84606349 108.29612643   0.        ]
[ 21.03870659   0.80531791 103.08069254   0.        ]
[ 20.95939948   0.79197092 101.37227827   0.        ]
[ 21.11443679   0.82343254 105.39936516   0.        ]
[20.98044906  0.76079973 97.38236486  0.        ]
[20.81530801  0.72322342 92.57259733  0.        ]
[20.79371702  0.75014406 96.01843951  0.        ]
[20.85824297  0.72440771 92.72418683  0.        ]
[21.05132318  0.73042582 93.49450551  0.        ]
[20.94006665  0.70705445 90.50296973  0.        ]
[20.97155432  0.72293054 92.53510887  0.        ]
[20.62553103  0.71905109 92.03854008  0.        ]
[20.97313224  0.75256553 96.3283882   0.        ]
[21.01748316  0.67450104 86.33613284  0.        ]
[20.8955969   0.67821905 86.81203805  0.        ]
[20.55159444  0.69470798 88.9226218   0.        ]
[20.877422    0.67416027 86.29251452  0.        ]
[20.69790984  0.67383165 86.25045143  0.        ]
[20.68307448  0.69996895 89.59602511  0.        ]
[20.84340732  0.66377062 84.96263927  0.        ]
[20.86446771  0.64838273 82.99298895  0.        ]
[20.86036836  0.64847495 83.00479316  0.        ]
[20.73262152  0.63271189 80.98712253  0.        ]
[20.67908851  0.65398735 83.71038017  0.        ]
[20.70164229  0.616175   78.87039958  0.        ]
[20.92798647  0.6026616  77.14068541  0.        ]
[21.07460195  0.60829918 77.86229479  0.        ]
[20.95328355  0.61205473 78.34300595  0.        ]
[20.91188279  0.60895218 77.94587961  0.        ]
[20.72667268  0.5947099  76.12286719  0.        ]
[20.53926806  0.59662407 76.36788142  0.        ]
[20.94392315  0.59787981 76.52861598  0.        ]
[20.80713296  0.60399721 77.31164271  0.        ]
[20.64348879  0.60757167 77.76917419  0.        ]
[20.80972849  0.62101542 79.48997392  0.        ]
[20.73141063  0.60287636 77.16817461  0.        ]
[20.92063355  0.58068762 74.32801563  0.        ]
[20.82667017  0.57772755 73.94912581  0.        ]
[20.81506502  0.59106614 75.65646634  0.        ]
[20.89223874  0.5614218  71.86199092  0.        ]
[21.18663054  0.54422344 69.66060034  0.        ]
[21.3857363   0.53946245 69.05119331  0.        ]
[21.37464528  0.52790351 67.57164955  0.        ]
[21.51105585  0.54051691 69.18616451  0.        ]
[21.2303392   0.51269191 65.62456454  0.        ]
[21.060123    0.50989944 65.26712858  0.        ]
[20.86203144  0.50921154 65.17907686  0.        ]
[20.66779262  0.51368108 65.75117861  0.        ]
[20.74610569  0.51071708 65.37178614  0.        ]
[20.88610598  0.51676798 66.14630098  0.        ]
[20.66136074  0.5194604  66.49093112  0.        ]
[20.90295372  0.51523715 65.95035519  0.        ]
[20.99711478  0.51529418 65.9576549   0.        ]
[21.06852725  0.50544414 64.69684942  0.        ]
[20.66696215  0.51307914 65.67412937  0.        ]
[21.02232729  0.50162563 64.20808054  0.        ]
[21.28916723  0.50498223 64.63772518  0.        ]
[20.84002934  0.50707085 64.90506931  0.        ]
[20.79670147  0.5069666  64.89172429  0.        ]
[20.94387594  0.49923134 63.90161214  0.        ]
[20.76874143  0.50118226 64.15132879  0.        ]
[21.0510853   0.49380059 63.20647558  0.        ]
[20.96944231  0.49449441 63.29528402  0.        ]
[20.96605899  0.49249568 63.03944696  0.        ]
[21.09334232  0.48096873 61.56399801  0.        ]
[21.31777472  0.47888504 61.2972855   0.        ]
[21.429168    0.49098168 62.84565528  0.        ]
[21.62529552  0.47044815 60.21736347  0.        ]
[21.92112597  0.46737562 59.82407978  0.        ]
[21.75471544  0.46329465 59.30171544  0.        ]
[22.12895808  0.45880279 58.72675654  0.        ]
[22.35461134  0.45243055 57.91111048  0.        ]
[22.76560242  0.45285443 57.96536668  0.        ]
[22.25171546  0.45573419 58.33397627  0.        ]
[22.30360011  0.45092915 57.71893076  0.        ]
[22.32971846  0.45157259 57.80129135  0.        ]
[22.56291833  0.44684039 57.19557011  0.        ]
[22.68564211  0.44603748 57.09279737  0.        ]
[22.45103372  0.4467877  57.188826    0.        ]
[22.46482256  0.44753009 57.28385187  0.        ]
[22.3887793   0.44932867 57.51406977  0.        ]
[22.45033943  0.44492977 56.95101029  0.        ]
[22.34969451  0.44618755 57.11200585  0.        ]
[22.49174831  0.44646588 57.14763244  0.        ]
[22.46324829  0.44606478 57.09629131  0.        ]
[22.50784859  0.44153041 56.51589205  0.        ]
[22.47159361  0.44192688 56.56664107  0.        ]
[22.56230655  0.44378442 56.80440616  0.        ]
[22.58538934  0.44207995 56.58623314  0.        ]
[22.89185802  0.43881114 56.16782624  0.        ]
[22.37335045  0.44330508 56.74305027  0.        ]
[22.61658285  0.4412531  56.48039705  0.        ]
[22.52083021  0.44326256 56.7376074   0.        ]
[22.2666141   0.44381872 56.80879577  0.        ]
[22.30095348  0.44731694 57.25656784  0.        ]
[22.47763061  0.43937145 56.23954611  0.        ]
[22.23483675  0.44085257 56.42912944  0.        ]
[22.26198748  0.4412983  56.48618212  0.        ]
[22.01369879  0.44157297 56.52134003  0.        ]
[22.11943925  0.44311831 56.71914398  0.        ]
[22.14900127  0.43814547 56.08262018  0.        ]
[22.23612758  0.43712699 55.95225474  0.        ]
[22.07870093  0.43762843 56.01643907  0.        ]
[22.15524134  0.43658868 55.88335146  0.        ]
[22.21949713  0.43611801 55.82310522  0.        ]
[22.24192371  0.43685534 55.91748307  0.        ]
[22.05644409  0.43516286 55.70084576  0.        ]
[22.19256569  0.43431618 55.59247105  0.        ]
[22.25801946  0.43441965 55.60571502  0.        ]
[21.98566683  0.43533645 55.72306528  0.        ]
[22.22241849  0.43393967 55.54427808  0.        ]
[21.95263148  0.43591387 55.79697522  0.        ]
[22.01324963  0.43654992 55.87838963  0.        ]
[21.98522942  0.4340526  55.55873252  0.        ]
[21.98458332  0.4332308  55.45354283  0.        ]
[21.94576848  0.43362747 55.50431632  0.        ]
[21.99908644  0.43308597 55.43500473  0.        ]
[21.92088682  0.43232816 55.33800415  0.        ]
[22.00783092  0.4326601  55.38049249  0.        ]
[22.0875275   0.43238291 55.34501258  0.        ]
[21.91256143  0.43136725 55.21500739  0.        ]
[21.86566558  0.43267254 55.38208456  0.        ]
[21.90929596  0.43233206 55.33850337  0.        ]
[21.87165956  0.42953874 54.98095855  0.        ]
[21.9774002   0.42820323 54.81001344  0.        ]
[21.94187102  0.4289661  54.90766061  0.        ]
[21.93462899  0.42860316 54.86120456  0.        ]
[21.92680321  0.4296426  54.99425232  0.        ]
[21.98189603  0.42906991 54.9209489   0.        ]
[21.98722036  0.4286758  54.87050204  0.        ]
[22.00954635  0.42824587 54.81547103  0.        ]
[21.91936716  0.42888554 54.89734935  0.        ]
[22.04076044  0.42717728 54.67869158  0.        ]
[22.09355982  0.42684548 54.63622203  0.        ]
[22.21613009  0.42410615 54.28558668  0.        ]
[22.17107979  0.42347101 54.20428983  0.        ]
[22.16260317  0.42452344 54.33900073  0.        ]
[22.21149607  0.42456426 54.3442258   0.        ]
[22.19561591  0.42398305 54.26983004  0.        ]
[22.22108637  0.42274966 54.11195695  0.        ]
[22.21565988  0.42299574 54.14345515  0.        ]
[22.29491801  0.42308106 54.15437531  0.        ]
[22.08841347  0.42378053 54.2439083   0.        ]
[22.18598143  0.42428534 54.30852405  0.        ]
[22.27366687  0.42245062 54.07367993  0.        ]
[22.14027276  0.42307219 54.15324058  0.        ]
[22.19036325  0.42177778 53.98755592  0.        ]
[22.11793679  0.42155215 53.95867545  0.        ]
[22.10980474  0.42117429 53.91030939  0.        ]
[22.17236144  0.42060459 53.83738813  0.        ]
[22.0823917   0.42220272 54.04194852  0.        ]
[22.20862111  0.4199215  53.74995226  0.        ]
[22.18778037  0.41867735 53.59070032  0.        ]
[22.28056438  0.4183688  53.55120606  0.        ]
[22.13510118  0.41771087 53.46699195  0.        ]
[22.13508736  0.41776675 53.47414348  0.        ]
[22.15388866  0.41845354 53.56205365  0.        ]
[22.07890593  0.41800333 53.50442642  0.        ]
[22.12892777  0.41777601 53.47532982  0.        ]
[22.12179584  0.4166916  53.33652446  0.        ]
[22.13834888  0.41733337 53.41867074  0.        ]
[22.07438077  0.41834828 53.54857943  0.        ]
[22.22568548  0.41726336 53.40971066  0.        ]
[22.11396748  0.4176385  53.45772791  0.        ]
[22.09482782  0.41678244 53.34815222  0.        ]
[22.11607227  0.41755903 53.44755585  0.        ]
[22.06007981  0.41666698 53.33337304  0.        ]
[22.01851275  0.41752569 53.44328812  0.        ]
[21.96663277  0.41722975 53.40540752  0.        ]
[22.07082095  0.41667223 53.33404527  0.        ]
[22.05425443  0.41633418 53.29077538  0.        ]
[22.070019    0.4166053  53.32547802  0.        ]
[21.99125196  0.41720673 53.40246157  0.        ]
[21.99385899  0.41656505 53.32032634  0.        ]
[21.91493955  0.41765198 53.45945374  0.        ]
[22.02909198  0.41756996 53.44895503  0.        ]
[22.03734171  0.41639397 53.29842785  0.        ]
[21.96886894  0.41728703 53.41273995  0.        ]
[22.0141667   0.41605349 53.25484632  0.        ]
[22.0323112   0.41612727 53.26429034  0.        ]
[22.0115446   0.41589057 53.2339924   0.        ]
[21.96642239  0.41543429 53.17558859  0.        ]
[22.00000732  0.41471919 53.08405648  0.        ]
[21.96924001  0.41422704 53.02106082  0.        ]
[21.97953095  0.41462991 53.07262843  0.        ]
[21.97321188  0.414017   52.99417623  0.        ]
[21.93507769  0.41403228 52.99613149  0.        ]
[22.0514131   0.41346196 52.92313128  0.        ]
[21.94980772  0.41338668 52.91349544  0.        ]
[21.94405174  0.41354303 52.93350729  0.        ]
[22.0002411   0.41256151 52.80787316  0.        ]
[22.04757698  0.4114043  52.65975016  0.        ]
[22.03337329  0.41134103 52.6516512   0.        ]
[21.96668033  0.41258745 52.8111939   0.        ]
[22.03327405  0.41166921 52.69365925  0.        ]
[22.02317669  0.41216499 52.75711921  0.        ]
[22.10953761  0.41179619 52.7099121   0.        ]
[22.06150768  0.41097639 52.604978    0.        ]
[22.05660384  0.41057281 52.55331956  0.        ]
[22.04335317  0.41098646 52.60626709  0.        ]
[22.03648429  0.41105866 52.61550888  0.        ]
[22.16509292  0.40978273 52.45218964  0.        ]
[22.09026943  0.4103629  52.52645142  0.        ]
[22.05097611  0.41039568 52.53064744  0.        ]
[22.0663904   0.41054133 52.54929056  0.        ]
[21.98952855  0.41096278 52.6032352   0.        ]
[22.02080495  0.41047171 52.54037835  0.        ]
[22.00834985  0.41117009 52.62977141  0.        ]
[22.01891279  0.41128494 52.64447239  0.        ]
[21.99263528  0.41125397 52.64050806  0.        ]
[22.06266864  0.4109484  52.60139523  0.        ]
[21.99560006  0.41060582 52.55754461  0.        ]
[22.01204397  0.4103497  52.52476201  0.        ]
[21.92531585  0.41106584 52.61642709  0.        ]
[22.0149171   0.40969398 52.4408295   0.        ]
[21.95757479  0.40964207 52.43418493  0.        ]
[22.02409322  0.408586   52.29900759  0.        ]
[21.93999464  0.40958729 52.42717343  0.        ]
[22.03341722  0.40830114 52.26254558  0.        ]
[22.05037425  0.40800492 52.22463019  0.        ]
[22.09799108  0.40732353 52.1374121   0.        ]