[1.14098824e+01 2.79448188e-02 1.49119112e+04 0.00000000e+00]
[1.14910538e+01 2.70632306e-02 1.47628910e+04 0.00000000e+00]
[1.15607749e+01 2.69393118e-02 1.47243371e+04 0.00000000e+00]
[1.15201490e+01 2.70816447e-02 1.47754815e+04 0.00000000e+00]
[1.14318777e+01 2.68718104e-02 1.47645065e+04 0.00000000e+00]
[1.14405936e+01 2.65098956e-02 1.46927633e+04 0.00000000e+00]
[1.14380335e+01 2.63251473e-02 1.46669058e+04 0.00000000e+00]
[1.16169042e+01 2.63968682e-02 1.46452766e+04 0.00000000e+00]
[1.16661607e+01 2.64681892e-02 1.46630060e+04 0.00000000e+00]
[1.15522274e+01 2.66573237e-02 1.47315941e+04 0.00000000e+00]
[1.16219176e+01 2.65490206e-02 1.47279753e+04 0.00000000e+00]
[1.15788357e+01 2.68362083e-02 1.47577694e+04 0.00000000e+00]
[1.15626524e+01 2.73012139e-02 1.48589022e+04 0.00000000e+00]
[1.16324687e+01 2.72248163e-02 1.48533792e+04 0.00000000e+00]
[1.16906581e+01 2.74106685e-02 1.48872303e+04 0.00000000e+00]
[1.16741076e+01 2.74394098e-02 1.48732360e+04 0.00000000e+00]
[1.16034416e+01 2.70725186e-02 1.47908355e+04 0.00000000e+00]
[1.15324207e+01 2.69686912e-02 1.47574256e+04 0.00000000e+00]
[1.16060728e+01 2.68355952e-02 1.47067816e+04 0.00000000e+00]
[1.15686529e+01 2.72615778e-02 1.48216423e+04 0.00000000e+00]
[1.16836100e+01 2.69584311e-02 1.47253419e+04 0.00000000e+00]
[1.17029460e+01 2.67306509e-02 1.46606284e+04 0.00000000e+00]
[1.15451036e+01 2.67140863e-02 1.46652913e+04 0.00000000e+00]
[1.15902295e+01 2.68932134e-02 1.46958099e+04 0.00000000e+00]
[1.15637682e+01 2.69117670e-02 1.47081008e+04 0.00000000e+00]
[1.15563504e+01 2.72336091e-02 1.48219026e+04 0.00000000e+00]
[1.14374146e+01 2.77271597e-02 1.49819334e+04 0.00000000e+00]
[1.15022006e+01 2.75543559e-02 1.49192367e+04 0.00000000e+00]
[1.14289689e+01 2.75572624e-02 1.49425264e+04 0.00000000e+00]
[1.14244093e+01 2.79555295e-02 1.50220762e+04 0.00000000e+00]
[1.13391715e+01 2.79692391e-02 1.50373861e+04 0.00000000e+00]
[1.14402881e+01 2.81338040e-02 1.50944595e+04 0.00000000e+00]
[1.15791068e+01 2.80874866e-02 1.50605731e+04 0.00000000e+00]
[1.15552357e+01 2.76778904e-02 1.49516496e+04 0.00000000e+00]
[1.15181840e+01 2.76222603e-02 1.49383996e+04 0.00000000e+00]
[1.15923998e+01 2.78349524e-02 1.49638540e+04 0.00000000e+00]
[1.16499691e+01 2.76872230e-02 1.49391107e+04 0.00000000e+00]
[1.16262956e+01 2.73979114e-02 1.48642636e+04 0.00000000e+00]
[1.16710062e+01 2.73168178e-02 1.48499476e+04 0.00000000e+00]
[1.15253682e+01 2.73395550e-02 1.48602330e+04 0.00000000e+00]
[1.16296709e+01 2.78158306e-02 1.49860183e+04 0.00000000e+00]
[1.18018462e+01 2.74296995e-02 1.49012254e+04 0.00000000e+00]
[1.17848894e+01 2.72297494e-02 1.48576335e+04 0.00000000e+00]
[1.16979763e+01 2.69443699e-02 1.47821707e+04 0.00000000e+00]
[1.17049866e+01 2.71534332e-02 1.48228165e+04 0.00000000e+00]
[1.15891331e+01 2.77248101e-02 1.49633735e+04 0.00000000e+00]
[1.16983384e+01 2.77615955e-02 1.49714884e+04 0.00000000e+00]
[1.16065122e+01 2.79113547e-02 1.50159273e+04 0.00000000e+00]
[1.17994238e+01 2.81517301e-02 1.50772684e+04 0.00000000e+00]
[1.18220082e+01 2.84212772e-02 1.51810892e+04 0.00000000e+00]
[1.18126749e+01 2.82599602e-02 1.51469182e+04 0.00000000e+00]
[1.19780340e+01 2.82641532e-02 1.51526997e+04 0.00000000e+00]
[1.21397404e+01 2.87363144e-02 1.52843105e+04 0.00000000e+00]
[1.20266001e+01 2.88275421e-02 1.53025360e+04 0.00000000e+00]
[1.20515075e+01 2.90300496e-02 1.53425490e+04 0.00000000e+00]
[1.22026833e+01 2.88411708e-02 1.52661302e+04 0.00000000e+00]
[1.18873767e+01 2.86355010e-02 1.52379487e+04 0.00000000e+00]
[1.18482942e+01 2.83107684e-02 1.51650606e+04 0.00000000e+00]
[1.19181804e+01 2.83043710e-02 1.51411925e+04 0.00000000e+00]
[1.20318396e+01 2.83969897e-02 1.51537057e+04 0.00000000e+00]
[1.20923067e+01 2.84948392e-02 1.51602298e+04 0.00000000e+00]
[1.20810461e+01 2.81441744e-02 1.50817543e+04 0.00000000e+00]
[1.20642154e+01 2.80144777e-02 1.50674782e+04 0.00000000e+00]
[1.20296574e+01 2.79991193e-02 1.50655208e+04 0.00000000e+00]
[1.19058685e+01 2.76179325e-02 1.50142397e+04 0.00000000e+00]
[1.19079589e+01 2.75171556e-02 1.49572718e+04 0.00000000e+00]
[1.19378177e+01 2.73321419e-02 1.49353448e+04 0.00000000e+00]
[1.19865569e+01 2.72380120e-02 1.48765852e+04 0.00000000e+00]
[1.21971227e+01 2.64891723e-02 1.46584823e+04 0.00000000e+00]
[1.21552279e+01 2.60008044e-02 1.45383313e+04 0.00000000e+00]
[1.20476228e+01 2.63223669e-02 1.45842267e+04 0.00000000e+00]
[1.21112674e+01 2.65116799e-02 1.46401686e+04 0.00000000e+00]
[1.20751372e+01 2.62165229e-02 1.45446175e+04 0.00000000e+00]
[1.21242468e+01 2.60430081e-02 1.44831971e+04 0.00000000e+00]
[1.21665188e+01 2.62398137e-02 1.45166376e+04 0.00000000e+00]
[1.22290451e+01 2.60112340e-02 1.44535820e+04 0.00000000e+00]
[1.18798106e+01 2.59945293e-02 1.44972903e+04 0.00000000e+00]
[1.18352999e+01 2.54373572e-02 1.43461515e+04 0.00000000e+00]
[1.18375219e+01 2.54903586e-02 1.43995617e+04 0.00000000e+00]
[1.19924052e+01 2.58873035e-02 1.45083764e+04 0.00000000e+00]
[1.22154091e+01 2.53899240e-02 1.43782789e+04 0.00000000e+00]
[1.22351291e+01 2.51090346e-02 1.43406756e+04 0.00000000e+00]
[1.19656694e+01 2.47816726e-02 1.42797104e+04 0.00000000e+00]
[1.19235278e+01 2.47505148e-02 1.42906621e+04 0.00000000e+00]
[1.17898742e+01 2.48028395e-02 1.43141065e+04 0.00000000e+00]
[1.20088326e+01 2.43699507e-02 1.41517050e+04 0.00000000e+00]
[1.21007474e+01 2.47075630e-02 1.42261289e+04 0.00000000e+00]
[1.21634300e+01 2.43119307e-02 1.41429316e+04 0.00000000e+00]
[1.22474094e+01 2.37968226e-02 1.39778499e+04 0.00000000e+00]
[1.22330420e+01 2.37832780e-02 1.39693502e+04 0.00000000e+00]
[1.22980088e+01 2.34724709e-02 1.38823820e+04 0.00000000e+00]
[1.21993003e+01 2.34605678e-02 1.39170628e+04 0.00000000e+00]
[1.21443469e+01 2.40710969e-02 1.40846186e+04 0.00000000e+00]
[1.19803136e+01 2.39961734e-02 1.40912577e+04 0.00000000e+00]
[1.20127130e+01 2.38357164e-02 1.40595996e+04 0.00000000e+00]
[1.20128091e+01 2.36305552e-02 1.40328450e+04 0.00000000e+00]
[1.21458255e+01 2.30867577e-02 1.38885934e+04 0.00000000e+00]
[1.21109547e+01 2.30262668e-02 1.38717067e+04 0.00000000e+00]
[1.19042783e+01 2.29888346e-02 1.38229518e+04 0.00000000e+00]
[1.19284164e+01 2.34758759e-02 1.39653543e+04 0.00000000e+00]
[1.17516723e+01 2.35732085e-02 1.40272346e+04 0.00000000e+00]
[1.17296168e+01 2.34495323e-02 1.40123881e+04 0.00000000e+00]
[1.17974862e+01 2.30871318e-02 1.38790191e+04 0.00000000e+00]
[1.17879154e+01 2.30595606e-02 1.38993440e+04 0.00000000e+00]
[1.17636070e+01 2.30575418e-02 1.39071339e+04 0.00000000e+00]
[1.15481239e+01 2.28389860e-02 1.38488311e+04 0.00000000e+00]
[1.16607529e+01 2.23734708e-02 1.37354904e+04 0.00000000e+00]
[1.16224083e+01 2.24508291e-02 1.37460277e+04 0.00000000e+00]
[1.15190755e+01 2.24768847e-02 1.37656835e+04 0.00000000e+00]
[1.14107437e+01 2.25495726e-02 1.37890313e+04 0.00000000e+00]
[1.13885468e+01 2.29005758e-02 1.38943963e+04 0.00000000e+00]
[1.11964821e+01 2.29907730e-02 1.39297535e+04 0.00000000e+00]
[1.12803032e+01 2.29527834e-02 1.39266567e+04 0.00000000e+00]
[1.13207046e+01 2.30748039e-02 1.39959869e+04 0.00000000e+00]
[1.14463377e+01 2.29192771e-02 1.40023236e+04 0.00000000e+00]
[1.12614694e+01 2.30111628e-02 1.40314142e+04 0.00000000e+00]
[1.12446096e+01 2.30542975e-02 1.40123438e+04 0.00000000e+00]
[1.12601505e+01 2.26982183e-02 1.39156690e+04 0.00000000e+00]
[1.14355953e+01 2.26090008e-02 1.39006964e+04 0.00000000e+00]
[1.15731569e+01 2.25363653e-02 1.38772838e+04 0.00000000e+00]
[1.15909176e+01 2.27962553e-02 1.39511463e+04 0.00000000e+00]
[1.17196693e+01 2.24368212e-02 1.38319181e+04 0.00000000e+00]
[1.17424349e+01 2.24321263e-02 1.37958146e+04 0.00000000e+00]
[1.15591452e+01 2.26969272e-02 1.39004284e+04 0.00000000e+00]
[1.15723344e+01 2.31632010e-02 1.40341183e+04 0.00000000e+00]
[1.16048969e+01 2.29545881e-02 1.39675149e+04 0.00000000e+00]
[1.16967687e+01 2.27827246e-02 1.39091087e+04 0.00000000e+00]
[1.17356034e+01 2.27776130e-02 1.38777024e+04 0.00000000e+00]
[1.18300988e+01 2.27444828e-02 1.38890439e+04 0.00000000e+00]
[1.17021810e+01 2.23165963e-02 1.37893612e+04 0.00000000e+00]
[1.15751670e+01 2.24509832e-02 1.38329711e+04 0.00000000e+00]
[1.13664118e+01 2.23789652e-02 1.38046458e+04 0.00000000e+00]
[1.13163617e+01 2.21813132e-02 1.37145339e+04 0.00000000e+00]
[1.12317184e+01 2.24156522e-02 1.37586076e+04 0.00000000e+00]
[1.10008563e+01 2.26072936e-02 1.38235449e+04 0.00000000e+00]
[1.10462093e+01 2.27791601e-02 1.38651649e+04 0.00000000e+00]
[1.11443031e+01 2.28710379e-02 1.38766879e+04 0.00000000e+00]
[1.11398911e+01 2.34076248e-02 1.40227297e+04 0.00000000e+00]
[1.11290392e+01 2.33468213e-02 1.40081657e+04 0.00000000e+00]
[1.10975408e+01 2.29675726e-02 1.39104378e+04 0.00000000e+00]
[1.10349313e+01 2.28023956e-02 1.38481509e+04 0.00000000e+00]
[1.09794086e+01 2.26771565e-02 1.37781447e+04 0.00000000e+00]
[1.09674251e+01 2.25269721e-02 1.37254307e+04 0.00000000e+00]
[1.09162645e+01 2.24952893e-02 1.37056575e+04 0.00000000e+00]
[1.08266293e+01 2.27529567e-02 1.37783974e+04 0.00000000e+00]
[1.07644228e+01 2.27096810e-02 1.37536106e+04 0.00000000e+00]
[1.07551375e+01 2.26686230e-02 1.37601377e+04 0.00000000e+00]
[1.08059222e+01 2.28574160e-02 1.38512448e+04 0.00000000e+00]
[1.09656993e+01 2.28454392e-02 1.38472593e+04 0.00000000e+00]
[1.10500076e+01 2.28639499e-02 1.38709521e+04 0.00000000e+00]
[1.11243890e+01 2.30567841e-02 1.39285056e+04 0.00000000e+00]
[1.11951201e+01 2.29508651e-02 1.38766406e+04 0.00000000e+00]
[1.12765237e+01 2.28397750e-02 1.38511252e+04 0.00000000e+00]
[1.11462241e+01 2.30841674e-02 1.39346481e+04 0.00000000e+00]
[1.11048975e+01 2.28141717e-02 1.38903643e+04 0.00000000e+00]
[1.10451142e+01 2.30386788e-02 1.39807362e+04 0.00000000e+00]
[1.10390027e+01 2.30375382e-02 1.39736803e+04 0.00000000e+00]
[1.10687426e+01 2.34179255e-02 1.40985146e+04 0.00000000e+00]
[1.11538698e+01 2.30598821e-02 1.39950608e+04 0.00000000e+00]
[1.11957858e+01 2.31050878e-02 1.40120471e+04 0.00000000e+00]
[1.11603813e+01 2.28423461e-02 1.39325852e+04 0.00000000e+00]
[1.12516339e+01 2.31240267e-02 1.40234868e+04 0.00000000e+00]
[1.10989779e+01 2.31723418e-02 1.40402177e+04 0.00000000e+00]
[1.12121786e+01 2.32785686e-02 1.40639514e+04 0.00000000e+00]
[1.11817614e+01 2.29104525e-02 1.39726141e+04 0.00000000e+00]
[1.11943557e+01 2.29411720e-02 1.39600433e+04 0.00000000e+00]
[1.12192656e+01 2.33471606e-02 1.40723229e+04 0.00000000e+00]
[1.11806077e+01 2.35831256e-02 1.41569609e+04 0.00000000e+00]
[1.12489240e+01 2.32958786e-02 1.40667783e+04 0.00000000e+00]
[1.13453352e+01 2.33522883e-02 1.40599689e+04 0.00000000e+00]
[1.12632363e+01 2.29996435e-02 1.39505821e+04 0.00000000e+00]
[1.13101484e+01 2.26351842e-02 1.38484507e+04 0.00000000e+00]
[1.12811792e+01 2.27822434e-02 1.39061812e+04 0.00000000e+00]
[1.12027209e+01 2.26809130e-02 1.39099691e+04 0.00000000e+00]
[1.13671898e+01 2.24752893e-02 1.38468466e+04 0.00000000e+00]
[1.14280778e+01 2.20817612e-02 1.37277679e+04 0.00000000e+00]
[1.14741880e+01 2.18169112e-02 1.36691202e+04 0.00000000e+00]
[1.14498243e+01 2.22870220e-02 1.38363089e+04 0.00000000e+00]
[1.15386760e+01 2.21341691e-02 1.38281834e+04 0.00000000e+00]
[1.13242762e+01 2.23088205e-02 1.38711336e+04 0.00000000e+00]
[1.12442221e+01 2.22690437e-02 1.38795624e+04 0.00000000e+00]
[1.11169178e+01 2.25349963e-02 1.39537630e+04 0.00000000e+00]
[1.10248544e+01 2.24199949e-02 1.39138379e+04 0.00000000e+00]
[1.09876860e+01 2.22852009e-02 1.38732333e+04 0.00000000e+00]
[1.09257972e+01 2.21103518e-02 1.37876767e+04 0.00000000e+00]
[1.08643433e+01 2.16307811e-02 1.36410215e+04 0.00000000e+00]
[1.07888715e+01 2.23239567e-02 1.38324093e+04 0.00000000e+00]
[1.07831758e+01 2.21547115e-02 1.37702421e+04 0.00000000e+00]
[1.10451981e+01 2.18715526e-02 1.36885230e+04 0.00000000e+00]
[1.09852596e+01 2.21007967e-02 1.37633449e+04 0.00000000e+00]
[1.08082963e+01 2.18165532e-02 1.37019230e+04 0.00000000e+00]
[1.07847974e+01 2.20062847e-02 1.37662969e+04 0.00000000e+00]
[1.09882124e+01 2.15895472e-02 1.36415992e+04 0.00000000e+00]
[1.10362204e+01 2.16712555e-02 1.36603828e+04 0.00000000e+00]
[1.11505346e+01 2.16559711e-02 1.36719370e+04 0.00000000e+00]
[1.11127408e+01 2.21752974e-02 1.38261434e+04 0.00000000e+00]
[1.09788418e+01 2.25450597e-02 1.39446069e+04 0.00000000e+00]
[1.09952148e+01 2.22661369e-02 1.38908157e+04 0.00000000e+00]
[1.10150170e+01 2.21144226e-02 1.38632228e+04 0.00000000e+00]
[1.10694377e+01 2.24937404e-02 1.39637909e+04 0.00000000e+00]
[1.11457022e+01 2.25761273e-02 1.39722544e+04 0.00000000e+00]
[1.12207967e+01 2.27579744e-02 1.40139697e+04 0.00000000e+00]
[1.11026858e+01 2.28540752e-02 1.40132509e+04 0.00000000e+00]
[1.11526350e+01 2.27836272e-02 1.40044581e+04 0.00000000e+00]
[1.11273345e+01 2.27476648e-02 1.39884708e+04 0.00000000e+00]
[1.12751448e+01 2.30673592e-02 1.40597668e+04 0.00000000e+00]
[1.13636714e+01 2.26549347e-02 1.38974927e+04 0.00000000e+00]
[1.12499192e+01 2.27668247e-02 1.39256820e+04 0.00000000e+00]
[1.11853414e+01 2.23438328e-02 1.38291172e+04 0.00000000e+00]
[1.12838586e+01 2.26950142e-02 1.38925229e+04 0.00000000e+00]
[1.13580999e+01 2.28676352e-02 1.38966534e+04 0.00000000e+00]
[1.13796492e+01 2.28830012e-02 1.38670603e+04 0.00000000e+00]
[1.13403781e+01 2.33882582e-02 1.39967152e+04 0.00000000e+00]
[1.13317285e+01 2.36514105e-02 1.40759066e+04 0.00000000e+00]
[1.13791690e+01 2.32165031e-02 1.39133433e+04 0.00000000e+00]
[1.14069016e+01 2.32340153e-02 1.39126839e+04 0.00000000e+00]
[1.15005744e+01 2.29487019e-02 1.38323405e+04 0.00000000e+00]
[1.16192872e+01 2.24348489e-02 1.36816787e+04 0.00000000e+00]
[1.15794966e+01 2.24605533e-02 1.37019663e+04 0.00000000e+00]
[1.16467457e+01 2.22770591e-02 1.36354458e+04 0.00000000e+00]
[1.15928092e+01 2.22678642e-02 1.36327264e+04 0.00000000e+00]
[1.16688707e+01 2.21024772e-02 1.35859015e+04 0.00000000e+00]
[1.16518585e+01 2.24136472e-02 1.37156417e+04 0.00000000e+00]
[1.14720051e+01 2.19533024e-02 1.35908078e+04 0.00000000e+00]
[1.14718482e+01 2.14929869e-02 1.34706216e+04 0.00000000e+00]
[1.13565848e+01 2.14976529e-02 1.35089678e+04 0.00000000e+00]
[1.13409156e+01 2.15827065e-02 1.35317515e+04 0.00000000e+00]
[1.13106897e+01 2.17774927e-02 1.35525146e+04 0.00000000e+00]
[1.12305163e+01 2.17856894e-02 1.35674614e+04 0.00000000e+00]
[1.13071723e+01 2.17053003e-02 1.35421496e+04 0.00000000e+00]
[1.13003829e+01 2.19004040e-02 1.36089682e+04 0.00000000e+00]
[1.11696394e+01 2.18400334e-02 1.36309005e+04 0.00000000e+00]
[1.12619318e+01 2.17988875e-02 1.36190346e+04 0.00000000e+00]
[1.14520540e+01 2.16780556e-02 1.35894310e+04 0.00000000e+00]
[1.13872140e+01 2.17604507e-02 1.36332817e+04 0.00000000e+00]
[1.13009527e+01 2.16984849e-02 1.36379184e+04 0.00000000e+00]
[1.10581410e+01 2.17600775e-02 1.36705807e+04 0.00000000e+00]
[1.12548352e+01 2.20702438e-02 1.37665692e+04 0.00000000e+00]
[1.13348179e+01 2.20049522e-02 1.37239323e+04 0.00000000e+00]
[1.12885375e+01 2.20308496e-02 1.36988050e+04 0.00000000e+00]
[1.13188997e+01 2.22423972e-02 1.37619289e+04 0.00000000e+00]
[1.13314811e+01 2.23130506e-02 1.37729188e+04 0.00000000e+00]
[1.15143819e+01 2.21857840e-02 1.37139766e+04 0.00000000e+00]
[1.16840419e+01 2.20025960e-02 1.36785933e+04 0.00000000e+00]
[1.17143718e+01 2.17106763e-02 1.35612607e+04 0.00000000e+00]
[1.16086395e+01 2.17862581e-02 1.35786026e+04 0.00000000e+00]
[1.15821941e+01 2.18983860e-02 1.36451848e+04 0.00000000e+00]
[1.16563905e+01 2.19874745e-02 1.36756971e+04 0.00000000e+00]
[1.18233675e+01 2.22328737e-02 1.37435301e+04 0.00000000e+00]
[1.18863075e+01 2.20157193e-02 1.37030032e+04 0.00000000e+00]
[1.18653158e+01 2.21154176e-02 1.37301527e+04 0.00000000e+00]
[1.18485082e+01 2.23635110e-02 1.37796382e+04 0.00000000e+00]
[1.17683665e+01 2.25377615e-02 1.38416211e+04 0.00000000e+00]
[1.18153625e+01 2.28174434e-02 1.39072519e+04 0.00000000e+00]
[1.19314870e+01 2.30327314e-02 1.39577816e+04 0.00000000e+00]
[1.19788132e+01 2.32610905e-02 1.40063575e+04 0.00000000e+00]
[1.19408359e+01 2.31746809e-02 1.39454407e+04 0.00000000e+00]
[1.22401339e+01 2.30282448e-02 1.38721402e+04 0.00000000e+00]
[1.20823148e+01 2.33949507e-02 1.39868148e+04 0.00000000e+00]
[1.20830390e+01 2.33909773e-02 1.40294831e+04 0.00000000e+00]
[1.19290894e+01 2.29329420e-02 1.39168840e+04 0.00000000e+00]
[1.19326109e+01 2.32269320e-02 1.40208550e+04 0.00000000e+00]
[1.19995179e+01 2.30556350e-02 1.39567636e+04 0.00000000e+00]
[1.20041989e+01 2.28933065e-02 1.39194132e+04 0.00000000e+00]
[1.19382499e+01 2.32941370e-02 1.40044609e+04 0.00000000e+00]
[1.19008333e+01 2.29936332e-02 1.39407699e+04 0.00000000e+00]
[1.18830384e+01 2.31361106e-02 1.39503340e+04 0.00000000e+00]
[1.17834783e+01 2.28370535e-02 1.38502452e+04 0.00000000e+00]
[1.17644201e+01 2.27981587e-02 1.38205251e+04 0.00000000e+00]
[1.17325689e+01 2.29102824e-02 1.38688818e+04 0.00000000e+00]
[1.17109864e+01 2.32192017e-02 1.39454548e+04 0.00000000e+00]
[1.17551816e+01 2.35909799e-02 1.40426408e+04 0.00000000e+00]
[1.16261866e+01 2.37001820e-02 1.40685974e+04 0.00000000e+00]
[1.16896810e+01 2.37538451e-02 1.40783154e+04 0.00000000e+00]
[1.18814060e+01 2.36284257e-02 1.40032405e+04 0.00000000e+00]
[1.18105747e+01 2.36949846e-02 1.40462692e+04 0.00000000e+00]
[1.16153348e+01 2.34795797e-02 1.39894532e+04 0.00000000e+00]
[1.14193141e+01 2.32658649e-02 1.39593750e+04 0.00000000e+00]
[1.15178477e+01 2.34426651e-02 1.39974018e+04 0.00000000e+00]
[1.14647019e+01 2.35526075e-02 1.40471963e+04 0.00000000e+00]
[1.14622119e+01 2.32597015e-02 1.39656366e+04 0.00000000e+00]
[1.13408465e+01 2.29780109e-02 1.38832215e+04 0.00000000e+00]
[1.13586068e+01 2.27369179e-02 1.37653978e+04 0.00000000e+00]
[1.12125682e+01 2.25434498e-02 1.37123525e+04 0.00000000e+00]
[1.12813346e+01 2.20045722e-02 1.35593915e+04 0.00000000e+00]
[1.13939578e+01 2.21199657e-02 1.35975741e+04 0.00000000e+00]
[1.15486674e+01 2.23336361e-02 1.36425200e+04 0.00000000e+00]
[1.18700745e+01 2.22714186e-02 1.35898503e+04 0.00000000e+00]
[1.18196294e+01 2.22475360e-02 1.35624519e+04 0.00000000e+00]
[1.18754254e+01 2.21095273e-02 1.35434249e+04 0.00000000e+00]
[1.18651149e+01 2.22052415e-02 1.35915851e+04 0.00000000e+00]
[1.17434721e+01 2.23011634e-02 1.36180379e+04 0.00000000e+00]
[1.19061195e+01 2.23130567e-02 1.36352507e+04 0.00000000e+00]
[1.19396735e+01 2.27323351e-02 1.37339078e+04 0.00000000e+00]
[1.19539294e+01 2.31332564e-02 1.38300267e+04 0.00000000e+00]
[1.20103532e+01 2.34666291e-02 1.39232086e+04 0.00000000e+00]
[1.20183483e+01 2.29012720e-02 1.37797956e+04 0.00000000e+00]
[1.18973995e+01 2.26512588e-02 1.37522925e+04 0.00000000e+00]
[1.19815505e+01 2.27390097e-02 1.37969599e+04 0.00000000e+00]
[1.20185148e+01 2.26699579e-02 1.37696030e+04 0.00000000e+00]
[1.20386971e+01 2.26953268e-02 1.37854927e+04 0.00000000e+00]