[  22.9096063    29.14019652 3729.94515394    0.        ]
[  22.34872212   29.22986193 3741.42232756    0.        ]
[  22.55132871   29.21111453 3739.02265933    0.        ]
[  21.49040984   29.48540022 3774.13122768    0.        ]
[  22.1572652    29.37560879 3760.07792554    0.        ]
[  21.91460762   28.87034027 3695.40355428    0.        ]
[  21.3835769    28.19683132 3609.1944086     0.        ]
[  21.60864138   28.88372433 3697.11671475    0.        ]
[  21.98172024   27.69595984 3545.0828601     0.        ]
[  22.49157486   27.89442536 3570.48644597    0.        ]
[  23.99740204   27.95045027 3577.657634      0.        ]
[  24.02015992   27.66524165 3541.15093093    0.        ]
[  24.49992299   27.98948305 3582.6538305     0.        ]
[  25.35220659   27.57160935 3529.16599738    0.        ]
[  25.16787813   27.63568766 3537.36802075    0.        ]
[  24.61233067   27.82513063 3561.61672037    0.        ]
[  24.73396133   27.79976778 3558.37027551    0.        ]
[  24.42051401   27.9650702  3579.52898572    0.        ]
[  24.17506007   28.03095008 3587.96161086    0.        ]
[  24.75563662   28.24200138 3614.97617705    0.        ]
[  25.52629885   28.93412149 3703.56755122    0.        ]
[  25.06271694   28.8035892  3686.85941765    0.        ]
[  24.21589115   28.46204326 3643.14153705    0.        ]
[  22.45960953   29.09791149 3724.53267044    0.        ]
[  22.36228808   29.21729002 3739.81312273    0.        ]
[  22.26166951   28.89398855 3698.43053381    0.        ]
[  22.27264138   28.97484629 3708.78032566    0.        ]
[  22.8857217    28.76903049 3682.43590322    0.        ]
[  23.65071473   28.18584416 3607.78805242    0.        ]
[  23.84937964   27.45874577 3514.71945868    0.        ]
[  23.21239885   27.02224004 3458.84672486    0.        ]
[  22.94070251   27.08738246 3467.18495501    0.        ]
[  22.8248236    27.4050025  3507.84031981    0.        ]
[  23.13514662   27.94995457 3577.59418478    0.        ]
[  23.70207404   27.72050311 3548.22439809    0.        ]
[  22.95619693   27.77165225 3554.77148777    0.        ]
[  22.73525564   27.22058573 3484.23497347    0.        ]
[  22.42448046   27.15561494 3475.91871269    0.        ]
[  22.69837987   27.15303586 3475.58858951    0.        ]
[  22.58969105   27.55751206 3527.36154371    0.        ]
[  22.51931818   27.53810495 3524.87743314    0.        ]
[  21.97632125   27.71246719 3547.19580028    0.        ]
[  22.29045407   27.18971173 3480.2831019     0.        ]
[  23.15698754   27.47479355 3516.77357427    0.        ]
[  23.16435977   26.84497873 3436.1572777     0.        ]
[  23.38976391   26.90064633 3443.28273003    0.        ]
[  23.68401141   26.92705292 3446.66277349    0.        ]
[  23.59833463   27.23061246 3485.51839532    0.        ]
[  23.76075768   27.56569557 3528.4090325     0.        ]
[  23.9955801   27.7518986 3552.2430205    0.       ]
[  23.94363544   27.85798837 3565.82251173    0.        ]
[  24.3590081    28.03960642 3589.06962142    0.        ]
[  24.79013423   27.76457256 3553.86528821    0.        ]
[  24.86879993   27.54117951 3525.27097785    0.        ]
[  24.6516126    27.3818393  3504.87543076    0.        ]
[  25.28565275   27.55879423 3527.52566106    0.        ]
[  25.03993177   27.26527105 3489.95469469    0.        ]
[  25.21076083   27.3220477  3497.22210536    0.        ]
[  24.79536254   27.37726025 3504.28931154    0.        ]
[  24.29838172   28.00226321 3584.28969032    0.        ]
[  24.78510481   28.20474599 3610.20748716    0.        ]
[  25.01981022   27.95456737 3578.18462297    0.        ]
[  24.26915711   27.58710615 3531.14958659    0.        ]
[  24.07895853   27.28265966 3492.18043622    0.        ]
[  23.99836793   27.17131039 3477.92773043    0.        ]
[  24.33851493   27.01344628 3457.72112392    0.        ]
[  24.45148979   27.40860697 3508.3016916     0.        ]
[  24.16285921   27.29596097 3493.88300427    0.        ]
[  24.41761965   27.29647725 3493.94908778    0.        ]
[  23.56596198   27.50813268 3521.04098278    0.        ]
[  23.20684853   27.56689159 3528.56212329    0.        ]
[  23.72411881   27.42139757 3509.93888904    0.        ]
[  24.02764041   27.20511068 3482.25416652    0.        ]
[  23.95187316   27.3043979  3494.96293158    0.        ]
[  23.39246491   27.1522631  3475.48967638    0.        ]
[  24.17280404   26.9451263  3448.9761661     0.        ]
[  24.11539249   26.76936719 3426.47900072    0.        ]
[  24.15179988   26.37378603 3375.84461202    0.        ]
[  24.38980792   26.45802527 3386.62723412    0.        ]
[  23.60170687   26.64606002 3410.69568312    0.        ]
[  23.49714964   26.33718739 3371.15998597    0.        ]
[  23.26823886   26.43025449 3383.07257515    0.        ]
[  23.63630348   26.47863894 3389.26578481    0.        ]
[  23.79582144   26.40537028 3379.88739572    0.        ]
[  23.45399164   26.34330078 3371.94249963    0.        ]
[  23.97159781   26.4784459  3389.24107532    0.        ]
[  23.90201923   26.27921123 3363.73903785    0.        ]
[  23.92313286   26.26244018 3361.59234288    0.        ]
[  23.83225509   26.26464826 3361.87497716    0.        ]
[  23.67890183   26.3542815  3373.34803177    0.        ]
[  23.67982051   26.3778359  3376.36299482    0.        ]
[  24.00158788   26.46209307 3387.14791354    0.        ]
[  23.67125729   26.42263433 3382.09719488    0.        ]
[  23.66009509   26.45207817 3385.86600623    0.        ]
[  23.87294427   26.4988178  3391.84867835    0.        ]
[  23.1632016    26.65169886 3411.41745403    0.        ]
[  23.41712528   26.4316491  3383.25108502    0.        ]
[  23.24985127   26.14566792 3346.64549359    0.        ]
[  23.37344238   25.98246138 3325.75505645    0.        ]
[  23.60897777   25.85375728 3309.28093155    0.        ]
[  23.76482823   25.68049727 3287.10365084    0.        ]
[  23.94388847   25.69418577 3288.85577912    0.        ]
[  23.65083534   25.66164352 3284.69037072    0.        ]
[  23.38270774   25.79899519 3302.27138416    0.        ]
[  23.45126084   25.56811237 3272.71838377    0.        ]
[  23.16774843   25.65370094 3283.67371977    0.        ]
[  23.00139304   25.81026633 3303.71409035    0.        ]
[  22.97497367   25.75322904 3296.4133171     0.        ]
[  22.58008349   26.01480535 3329.89508532    0.        ]
[  22.75466662   26.3660786  3374.85806045    0.        ]
[  23.14270075   26.36384476 3374.57212914    0.        ]
[  23.10590455   26.24524249 3359.39103872    0.        ]
[  23.02242169   26.06428365 3336.22830708    0.        ]
[  23.06406756   25.94134473 3320.49212508    0.        ]
[  22.83462531   25.90221625 3315.48368041    0.        ]
[  23.06432175   25.52536359 3267.24653992    0.        ]
[  23.02667416   25.12522618 3216.02895155    0.        ]
[  23.09332806   25.07671081 3209.81898318    0.        ]
[  22.67208477   25.02083967 3202.66747835    0.        ]
[  22.79577968   25.0637766  3208.16340488    0.        ]
[  22.7034443    25.03128595 3204.004601      0.        ]
[  22.48545495   25.01035982 3201.32605633    0.        ]
[  22.86786798   25.09376534 3212.0019636     0.        ]
[  23.20365539   25.09521104 3212.18701306    0.        ]
[  23.3442094    24.60792464 3149.81435417    0.        ]
[  23.43161729   24.8222788  3177.25168703    0.        ]
[  23.48892042   24.74441185 3167.28471709    0.        ]
[  23.53422071   24.75734364 3168.93998649    0.        ]
[  23.42632651   24.56285523 3144.04546919    0.        ]
[  23.53100212   24.51373265 3137.75777909    0.        ]
[  23.60847434   24.64564608 3154.64269861    0.        ]
[  23.37725459   24.55237577 3142.70409809    0.        ]
[  23.61570637   24.44828544 3129.38053615    0.        ]
[  23.66474789   24.74674594 3167.58348053    0.        ]
[  24.1968807    24.62608208 3152.13850679    0.        ]
[  24.1035991    24.42752109 3126.72269959    0.        ]
[  24.09024778   24.37204057 3119.62119334    0.        ]
[  23.99529793   24.44361186 3128.78231869    0.        ]
[  24.13159269   24.31204398 3111.94163003    0.        ]
[  24.07134483   24.19962262 3097.55169517    0.        ]
[  24.07741761   24.2671627  3106.19682556    0.        ]
[  24.17435066   24.29353415 3109.57237077    0.        ]
[  23.89234199   24.19663391 3097.16913988    0.        ]
[  23.66164498   24.20927199 3098.78681467    0.        ]
[  23.07979777   24.33141364 3114.42094528    0.        ]
[  23.29243108   24.33520266 3114.90594026    0.        ]
[  23.4489768    24.34137299 3115.69574333    0.        ]
[  23.466667     24.26786114 3106.28622633    0.        ]
[  23.28303136   24.3866318  3121.48887004    0.        ]
[  23.09412911   24.28213732 3108.11357703    0.        ]
[  23.0815893    24.30451983 3110.97853766    0.        ]
[  23.18947474   24.35751069 3117.76136771    0.        ]
[  22.99311394   24.43550149 3127.74419082    0.        ]
[  22.79679797   24.46262099 3131.2154862     0.        ]
[  22.88817422   24.58237113 3146.543504      0.        ]
[  23.09196708   24.73410091 3165.96491658    0.        ]
[  23.09194283   24.75108411 3168.13876635    0.        ]
[  23.08858239   24.63614995 3153.42719322    0.        ]
[  23.05654363   24.55122079 3142.55626149    0.        ]
[  22.85412225   24.57676186 3145.82551866    0.        ]
[  22.60316169   24.65101987 3155.3305432     0.        ]
[  22.45099977   24.78437765 3172.40033877    0.        ]
[  22.4854582    24.85654532 3181.63780097    0.        ]
[  22.39333308   24.92419434 3190.29687515    0.        ]
[  22.18452128   24.87807075 3184.39305612    0.        ]
[  22.03052238   25.03718127 3204.75920252    0.        ]
[  22.03987669   25.10483365 3213.41870724    0.        ]
[  22.02461881   25.0966906  3212.37639742    0.        ]
[  22.04155201   24.93974618 3192.28751154    0.        ]
[  22.10941789   24.89823957 3186.97466515    0.        ]
[  22.130094     25.0060807  3200.77832968    0.        ]
[  22.07215208   25.0310132  3203.96968911    0.        ]
[  22.01670948   25.0782905  3210.02118421    0.        ]
[  21.99479828   25.20859952 3226.70073888    0.        ]
[  22.1042271    25.24284326 3231.08393718    0.        ]
[  22.17258365   25.25538915 3232.6898118     0.        ]
[  22.1166164    25.33700069 3243.13608828    0.        ]
[  22.12451161   25.42867859 3254.87085889    0.        ]
[  22.21867833   25.36244428 3246.39286748    0.        ]
[  22.27827867   25.36449188 3246.65496048    0.        ]
[  22.24275894   25.50035329 3264.04522116    0.        ]
[  22.12409115   25.47791821 3261.17353128    0.        ]
[  22.19750361   25.31842853 3240.75885151    0.        ]
[  22.24836606   25.23107054 3229.57702873    0.        ]
[  22.19977198   25.17163982 3221.96989709    0.        ]
[  22.05747852   25.13937032 3217.83940077    0.        ]
[  22.08530813   25.13952834 3217.85962754    0.        ]
[  21.98227721   25.19103228 3224.45213239    0.        ]
[  21.82944327   25.24105991 3230.85566793    0.        ]
[  21.74892975   25.20233314 3225.89864193    0.        ]
[  21.73886916   25.06190318 3207.92360758    0.        ]
[  21.71278697   25.12137027 3215.53539442    0.        ]
[  21.6671779    25.16712629 3221.39216469    0.        ]
[  21.74248984   25.1297397  3216.60668197    0.        ]
[  21.61833471   25.17116125 3221.90863953    0.        ]
[  21.70480212   25.16300662 3220.86484697    0.        ]
[  21.74670257   25.18302735 3223.42750111    0.        ]
[  21.81221      25.20217005 3225.87776609    0.        ]
[  21.74451195   25.18716938 3223.95768017    0.        ]
[  21.57213964   25.38898853 3249.79053146    0.        ]
[  21.52477406   25.3613601  3246.25409227    0.        ]
[  21.66601409   25.32812022 3241.99938815    0.        ]
[  21.6881275    25.44892526 3257.46243283    0.        ]
[  21.62940307   25.47942837 3261.3668309     0.        ]
[  21.67453009   25.43621389 3255.83537738    0.        ]
[  21.62585393   25.40145901 3251.38675336    0.        ]
[  21.48907302   25.44458955 3256.90746229    0.        ]
[  21.43044419   25.37624851 3248.15980931    0.        ]
[  21.34530629   25.30234209 3238.69978749    0.        ]
[  21.32863613   25.2993571  3238.31770827    0.        ]
[  21.39450572   25.30346962 3238.84411085    0.        ]
[  21.49541461   25.31436909 3240.23924309    0.        ]
[  21.43022569   25.2872927  3236.77346602    0.        ]
[  21.5604549    25.20955594 3226.82316023    0.        ]
[  21.66755735   25.2233324  3228.58654657    0.        ]
[  21.67796679   25.16013063 3220.49672021    0.        ]
[  21.57125559   25.15074142 3219.29490201    0.        ]
[  21.54733307   25.18307229 3223.43325327    0.        ]
[  21.53991706   25.18035919 3223.08597634    0.        ]
[  21.639564     25.18209448 3223.30809389    0.        ]
[  21.70693326   25.24493945 3231.35224937    0.        ]
[  21.91931782   25.32791517 3241.97314138    0.        ]
[  21.7953241    25.33686323 3243.11849334    0.        ]
[  21.86661739   25.32122877 3241.11728286    0.        ]
[  21.81698911   25.26500328 3233.92041958    0.        ]
[  21.83784654   25.19096686 3224.44375835    0.        ]
[  21.77099086   25.16576179 3221.21750915    0.        ]
[  21.82099084   25.17556423 3222.4722211     0.        ]
[  21.70485284   25.19333438 3224.74680052    0.        ]
[  21.77190869   25.16440726 3221.04412957    0.        ]
[  21.73118768   25.11789379 3215.09040544    0.        ]
[  21.7261619    25.10418524 3213.3357113     0.        ]
[  21.84169412   25.05038447 3206.44921195    0.        ]
[  21.900473     25.03712847 3204.7524447     0.        ]
[  21.86803905   25.11215554 3214.35590882    0.        ]
[  21.89641305   25.15278065 3219.55592309    0.        ]
[  21.9030415    25.16156066 3220.67976503    0.        ]
[  21.78277029   25.13106491 3216.77630795    0.        ]
[  21.78874753   25.15161828 3219.40714015    0.        ]
[  21.94651003   25.06087004 3207.79136504    0.        ]
[  21.98067175   25.15314746 3219.60287463    0.        ]
[  21.94514177   25.16949048 3221.69478155    0.        ]
[  21.95707849   25.18802088 3224.06667273    0.        ]
[  21.9151066    25.28024323 3235.87113321    0.        ]
[  21.84822141   25.27989221 3235.82620248    0.        ]
[  21.7705259    25.28652401 3236.67507303    0.        ]
[  21.75490082   25.29114282 3237.26628051    0.        ]
[  21.86234392   25.3575197  3245.76252124    0.        ]
[  21.85910177   25.30466283 3238.99684165    0.        ]
[  21.82280522   25.31555895 3240.39154513    0.        ]
[  21.85224423   25.36903919 3247.23701639    0.        ]
[  21.79650336   25.35093538 3244.91972903    0.        ]
[  21.81180411   25.37347372 3247.80463571    0.        ]
[  21.94613775   25.38661444 3249.48664794    0.        ]
[  22.00973303   25.40657078 3252.04106033    0.        ]
[  22.05564785   25.42004012 3253.76513482    0.        ]
[  22.09973856   25.44114931 3256.46711162    0.        ]
[  22.09875363   25.42237232 3254.06365734    0.        ]
[  22.10264484   25.39426471 3250.46588324    0.        ]
[  22.10994439   25.3548217  3245.41717758    0.        ]
[  22.04292403   25.33176022 3242.46530825    0.        ]
[  22.05322855   25.30870209 3239.51386736    0.        ]
[  22.06690591   25.27520805 3235.22663027    0.        ]
[  22.01477047   25.26368878 3233.75216346    0.        ]
[  22.05688425   25.22085678 3228.26966736    0.        ]
[  22.12981274   25.20109874 3225.74063904    0.        ]
[  22.17842622   25.18518212 3223.70331077    0.        ]
[  22.16662075   25.14444843 3218.48939908    0.        ]
[  22.12476287   25.13195422 3216.89014079    0.        ]
[  22.16527854   25.12027423 3215.39510104    0.        ]
[  22.15385013   25.10756855 3213.76877461    0.        ]
[  22.18536621   25.0731469  3209.36280327    0.        ]
[  22.21933572   25.10517677 3213.46262601    0.        ]
[  22.20467427   25.09486098 3212.1422053     0.        ]
[  22.14883708   25.06146749 3207.86783907    0.        ]
[  22.05350807   25.08031503 3210.28032413    0.        ]
[  22.05273051   25.06336992 3208.11134919    0.        ]
[  22.06198794   25.04070724 3205.21052736    0.        ]
[  22.08091533   25.02177216 3202.78683609    0.        ]
[  22.03982648   24.9833905  3197.87398379    0.        ]
[  22.01918354   24.97187936 3196.40055869    0.        ]
[  22.06578518   24.95955056 3194.82247176    0.        ]
[  22.18653171   24.89114649 3186.06675017    0.        ]
[  22.18366832   24.91213098 3188.75276588    0.        ]
[  22.14193455   24.90945092 3188.40971824    0.        ]
[  22.1186892    24.91522877 3189.14928311    0.        ]
[  22.15157111   24.92170263 3189.97793716    0.        ]
[  22.15900681   24.90885867 3188.33391038    0.        ]
[  22.1875317    24.89257769 3186.24994402    0.        ]
[  22.15393983   24.90017216 3187.22203704    0.        ]
[  22.12010005   24.91825749 3189.53695925    0.        ]
[  22.10384157   24.96837001 3195.95136106    0.        ]
[  22.1348848    25.00219916 3200.28149203    0.        ]
[  22.167905     25.07947316 3210.17256398    0.        ]
[  22.18680201   25.07176665 3209.18613106    0.        ]
[  22.18715066   25.05274601 3206.7514898     0.        ]
[  22.16638113   25.05610682 3207.1816731     0.        ]
[  22.22108846   25.05998665 3207.67829152    0.        ]
[  22.19236681   25.07098611 3209.08622237    0.        ]
[  22.10738329   25.08653013 3211.07585631    0.        ]
[  22.10445443   25.11889017 3215.21794198    0.        ]