0.0 -2.1960784313725483 0.0 0.0 0.0 5.113725490196152 2.1960784313725483
0.0 2.1960784313725483 0.0 0.0 0.0 -5.1137254901963285 -2.1960784313725483
0.0 -2.1960784313725483 0.0 0.0 0.0 5.113725490196507 2.1960784313725483
0.0 2.1960784313725483 0.0 0.0 0.0 -5.113725490196684 -2.1960784313725483
0.0 -2.1960784313725497 0.0 0.0 0.0 5.113725490196862 2.1960784313725497
0.0 2.1960784313725528 0.0 0.0 0.0 -5.113725490197039 -2.1960784313725528
0.0 -2.196078431372556 0.0 0.0 0.0 5.113725490197218 2.196078431372556
0.0 2.196078431372558 0.0 0.0 0.0 -5.113725490197217 -2.196078431372558
0.0 -2.1960784313725603 0.0 0.0 0.0 5.11372549019704 2.1960784313725603
0.0 2.1960784313725603 0.0 0.0 0.0 -5.113725490196861 -2.1960784313725603
0.0 -2.196078431372557 0.0 0.0 0.0 5.113725490196685 2.196078431372557
0.0 2.1960784313725568 0.0 0.0 0.0 -5.113725490196506 -2.1960784313725568
0.0 -2.196078431372559 0.0 0.0 0.0 5.113725490196507 2.196078431372559
0.0 2.196078431372558 0.0 0.0 0.0 -5.113725490196684 -2.196078431372558
0.0 -2.196078431372557 0.0 0.0 0.0 5.113725490196862 2.196078431372557
0.0 2.196078431372562 0.0 0.0 0.0 -5.113725490197039 -2.196078431372562
0.0 -2.1960784313725674 0.0 0.0 0.0 5.113725490197218 2.1960784313725674
0.0 2.196078431372567 0.0 0.0 0.0 -5.113725490197394 -2.196078431372567
0.0 -2.1960784313725665 0.0 0.0 0.0 5.113725490197573 2.1960784313725665
0.0 2.1960784313725665 0.0 0.0 0.0 -5.113725490197572 -2.1960784313725665
0.0 -2.1960784313725665 0.0 0.0 0.0 5.113725490197395 2.1960784313725665
0.0 2.196078431372572 0.0 0.0 0.0 -5.113725490197394 -2.196078431372572
0.0 -2.1960784313725714 0.0 0.0 0.0 5.1137254901977505 2.1960784313725714
0.0 2.1960784313725656 0.0 0.0 0.0 -5.113725490198105 -2.1960784313725656
0.0 -2.1960784313725763 0.0 0.0 0.0 5.113725490198106 2.1960784313725763
0.0 2.1960784313725985 0.0 0.0 0.0 -5.11372549019775 -2.1960784313725985
0.0 -2.1960784313726096 0.0 0.0 0.0 5.113725490197395 2.1960784313726096
0.0 2.1960784313726096 0.0 0.0 0.0 -5.113725490197394 -2.1960784313726096
0.0 -2.1960784313725985 0.0 0.0 0.0 5.113725490197395 2.1960784313725985
0.0 2.1960784313725763 0.0 0.0 0.0 -5.113725490197039 -2.1960784313725763
0.0 -2.196078431372565 0.0 0.0 0.0 5.113725490196685 2.196078431372565
0.0 2.1960784313725763 0.0 0.0 0.0 -5.113725490196684 -2.1960784313725763
0.0 -2.1960784313725874 0.0 0.0 0.0 5.11372549019704 2.1960784313725874
0.0 2.1960784313725874 0.0 0.0 0.0 -5.113725490197394 -2.1960784313725874
0.0 -2.1960784313725985 0.0 0.0 0.0 5.113725490197395 2.1960784313725985
0.0 2.1960784313726207 0.0 0.0 0.0 -5.113725490197394 -2.1960784313726207
0.0 -2.196078431372632 0.0 0.0 0.0 5.1137254901977505 2.196078431372632
0.0 2.196078431372632 0.0 0.0 0.0 -5.113725490198105 -2.196078431372632
0.0 -2.1960784313726207 0.0 0.0 0.0 5.113725490198106 2.1960784313726207
0.0 2.1960784313725985 0.0 0.0 0.0 -5.11372549019775 -2.1960784313725985
0.0 -2.1960784313725874 0.0 0.0 0.0 5.113725490197395 2.1960784313725874
0.0 2.1960784313725874 0.0 0.0 0.0 -5.113725490197394 -2.1960784313725874
0.0 -2.1960784313725763 0.0 0.0 0.0 5.113725490197395 2.1960784313725763
0.0 2.196078431372565 0.0 0.0 0.0 -5.113725490197039 -2.196078431372565
0.0 -2.196078431372565 0.0 0.0 0.0 5.113725490196685 2.196078431372565
0.0 2.1960784313725763 0.0 0.0 0.0 -5.113725490196684 -2.1960784313725763
0.0 -2.1960784313726096 0.0 0.0 0.0 5.11372549019704 2.1960784313726096
0.0 2.196078431372654 0.0 0.0 0.0 -5.113725490197394 -2.196078431372654
0.0 -2.196078431372676 0.0 0.0 0.0 5.113725490197395 2.196078431372676
0.0 2.196078431372654 0.0 0.0 0.0 -5.113725490197394 -2.196078431372654
0.0 -2.1960784313726096 0.0 0.0 0.0 5.1137254901977505 2.1960784313726096
0.0 2.1960784313725874 0.0 0.0 0.0 -5.113725490198105 -2.1960784313725874
0.0 -2.1960784313725874 0.0 0.0 0.0 5.113725490198106 2.1960784313725874
0.0 2.1960784313725874 0.0 0.0 0.0 -5.11372549019775 -2.1960784313725874
0.0 -2.1960784313725874 0.0 0.0 0.0 5.113725490197395 2.1960784313725874
0.0 2.1960784313725874 0.0 0.0 0.0 -5.113725490197394 -2.1960784313725874
0.0 -2.1960784313725874 0.0 0.0 0.0 5.1137254901977505 2.1960784313725874
0.0 2.1960784313726096 0.0 0.0 0.0 -5.113725490198105 -2.1960784313726096
0.0 -2.196078431372654 0.0 0.0 0.0 5.113725490198106 2.196078431372654
0.0 2.196078431372676 0.0 0.0 0.0 -5.11372549019775 -2.196078431372676
0.0 -2.196078431372654 0.0 0.0 0.0 5.113725490197395 2.196078431372654
0.0 2.1960784313726096 0.0 0.0 0.0 -5.113725490197394 -2.1960784313726096
0.0 -2.196078431372565 0.0 0.0 0.0 5.113725490197395 2.196078431372565
0.0 2.196078431372543 0.0 0.0 0.0 -5.113725490197039 -2.196078431372543
0.0 -2.196078431372565 0.0 0.0 0.0 5.113725490196685 2.196078431372565
0.0 2.1960784313726096 0.0 0.0 0.0 -5.113725490196684 -2.1960784313726096
0.0 -2.196078431372654 0.0 0.0 0.0 5.11372549019704 2.196078431372654
0.0 2.1960784313726984 0.0 0.0 0.0 -5.113725490197394 -2.1960784313726984
0.0 -2.1960784313727206 0.0 0.0 0.0 5.113725490197395 2.1960784313727206
0.0 2.1960784313726984 0.0 0.0 0.0 -5.113725490197394 -2.1960784313726984
0.0 -2.196078431372654 0.0 0.0 0.0 5.1137254901977505 2.196078431372654
0.0 2.196078431372632 0.0 0.0 0.0 -5.113725490198105 -2.196078431372632
0.0 -2.196078431372632 0.0 0.0 0.0 5.113725490198106 2.196078431372632
0.0 2.196078431372632 0.0 0.0 0.0 -5.11372549019775 -2.196078431372632
0.0 -2.196078431372632 0.0 0.0 0.0 5.113725490197395 2.196078431372632
0.0 2.196078431372632 0.0 0.0 0.0 -5.113725490197394 -2.196078431372632
0.0 -2.196078431372632 0.0 0.0 0.0 5.113725490197395 2.196078431372632
0.0 2.196078431372654 0.0 0.0 0.0 -5.113725490197039 -2.196078431372654
0.0 -2.1960784313726984 0.0 0.0 0.0 5.113725490196685 2.1960784313726984
0.0 2.1960784313727206 0.0 0.0 0.0 -5.113725490196684 -2.1960784313727206
0.0 -2.1960784313726984 0.0 0.0 0.0 5.11372549019704 2.1960784313726984
0.0 2.196078431372654 0.0 0.0 0.0 -5.113725490197394 -2.196078431372654
0.0 -2.1960784313726096 0.0 0.0 0.0 5.113725490197395 2.1960784313726096
0.0 2.196078431372565 0.0 0.0 0.0 -5.113725490197394 -2.196078431372565
0.0 -2.196078431372521 0.0 0.0 0.0 5.113725490197395 2.196078431372521
0.0 2.1960784313724986 0.0 0.0 0.0 -5.113725490197039 -2.1960784313724986
0.0 -2.196078431372521 0.0 0.0 0.0 5.113725490196685 2.196078431372521
0.0 2.196078431372565 0.0 0.0 0.0 -5.1137254901963285 -2.196078431372565
0.0 -2.1960784313725874 0.0 0.0 0.0 5.113725490195974 2.1960784313725874
0.0 2.1960784313725874 0.0 0.0 0.0 -5.113725490195973 -2.1960784313725874
0.0 -2.1960784313725874 0.0 0.0 0.0 5.113725490195974 2.1960784313725874
0.0 2.1960784313726096 0.0 0.0 0.0 -5.113725490195973 -2.1960784313726096
0.0 -2.196078431372632 0.0 0.0 0.0 5.113725490196329 2.196078431372632
0.0 2.1960784313725874 0.0 0.0 0.0 -5.113725490196684 -2.1960784313725874
0.0 -2.196078431372543 0.0 0.0 0.0 5.11372549019704 2.196078431372543
0.0 2.1960784313725874 0.0 0.0 0.0 -5.113725490197394 -2.1960784313725874
0.0 -2.196078431372632 0.0 0.0 0.0 5.113725490197395 2.196078431372632
0.0 2.196078431372632 0.0 0.0 0.0 -5.113725490197394 -2.196078431372632
0.0 -2.196078431372632 0.0 0.0 0.0 5.113725490197395 2.196078431372632
0.0 2.1960784313725874 0.0 0.0 0.0 -5.113725490197039 -2.1960784313725874
0.0 -2.1960784313724986 0.0 0.0 0.0 5.113725490196685 2.1960784313724986
0.0 2.196078431372454 0.0 0.0 0.0 -5.1137254901963285 -2.196078431372454
0.0 -2.196078431372454 0.0 0.0 0.0 5.113725490195974 2.196078431372454
0.0 2.196078431372454 0.0 0.0 0.0 -5.113725490195973 -2.196078431372454
0.0 -2.196078431372454 0.0 0.0 0.0 5.113725490195974 2.196078431372454
0.0 2.196078431372454 0.0 0.0 0.0 -5.113725490195618 -2.196078431372454
0.0 -2.196078431372454 0.0 0.0 0.0 5.113725490195264 2.196078431372454
0.0 2.196078431372454 0.0 0.0 0.0 -5.113725490195263 -2.196078431372454
0.0 -2.196078431372454 0.0 0.0 0.0 5.113725490195619 2.196078431372454
0.0 2.196078431372454 0.0 0.0 0.0 -5.113725490195973 -2.196078431372454
0.0 -2.1960784313724098 0.0 0.0 0.0 5.113725490195974 2.1960784313724098
0.0 2.196078431372321 0.0 0.0 0.0 -5.113725490195618 -2.196078431372321
0.0 -2.1960784313722765 0.0 0.0 0.0 5.113725490195264 2.1960784313722765
0.0 2.1960784313722765 0.0 0.0 0.0 -5.113725490195263 -2.1960784313722765
0.0 -2.1960784313722765 0.0 0.0 0.0 5.113725490195619 2.1960784313722765
0.0 2.196078431372321 0.0 0.0 0.0 -5.113725490195973 -2.196078431372321
0.0 -2.1960784313724098 0.0 0.0 0.0 5.113725490195974 2.1960784313724098
0.0 2.196078431372454 0.0 0.0 0.0 -5.113725490195973 -2.196078431372454
0.0 -2.196078431372454 0.0 0.0 0.0 5.113725490196329 2.196078431372454
0.0 2.196078431372454 0.0 0.0 0.0 -5.113725490196684 -2.196078431372454
0.0 -2.1960784313724098 0.0 0.0 0.0 5.113725490196685 2.1960784313724098
0.0 2.1960784313723654 0.0 0.0 0.0 -5.1137254901963285 -2.1960784313723654
0.0 -2.1960784313724098 0.0 0.0 0.0 5.113725490195974 2.1960784313724098
0.0 2.196078431372454 0.0 0.0 0.0 -5.113725490195973 -2.196078431372454
0.0 -2.196078431372454 0.0 0.0 0.0 5.113725490195974 2.196078431372454
0.0 2.1960784313724986 0.0 0.0 0.0 -5.113725490195618 -2.1960784313724986
0.0 -2.196078431372543 0.0 0.0 0.0 5.113725490195264 2.196078431372543
0.0 2.196078431372543 0.0 0.0 0.0 -5.113725490195263 -2.196078431372543
0.0 -2.1960784313725874 0.0 0.0 0.0 5.113725490195619 2.1960784313725874
0.0 2.196078431372632 0.0 0.0 0.0 -5.113725490195973 -2.196078431372632
0.0 -2.1960784313725874 0.0 0.0 0.0 5.113725490195974 2.1960784313725874
0.0 2.196078431372543 0.0 0.0 0.0 -5.113725490195973 -2.196078431372543
0.0 -2.196078431372543 0.0 0.0 0.0 5.113725490196329 2.196078431372543
0.0 2.1960784313724986 0.0 0.0 0.0 -5.113725490196684 -2.1960784313724986
0.0 -2.196078431372454 0.0 0.0 0.0 5.113725490196685 2.196078431372454
0.0 2.1960784313724986 0.0 0.0 0.0 -5.1137254901963285 -2.1960784313724986
0.0 -2.196078431372543 0.0 0.0 0.0 5.113725490195974 2.196078431372543
0.0 2.196078431372543 0.0 0.0 0.0 -5.113725490195973 -2.196078431372543
0.0 -2.196078431372543 0.0 0.0 0.0 5.113725490195974 2.196078431372543
0.0 2.1960784313724986 0.0 0.0 0.0 -5.113725490195618 -2.1960784313724986
0.0 -2.1960784313724098 0.0 0.0 0.0 5.113725490195264 2.1960784313724098
0.0 2.1960784313723654 0.0 0.0 0.0 -5.113725490195263 -2.1960784313723654
0.0 -2.1960784313723654 0.0 0.0 0.0 5.113725490195619 2.1960784313723654
0.0 2.1960784313723654 0.0 0.0 0.0 -5.113725490195973 -2.1960784313723654
0.0 -2.1960784313723654 0.0 0.0 0.0 5.113725490195974 2.1960784313723654
0.0 2.1960784313723654 0.0 0.0 0.0 -5.113725490195973 -2.1960784313723654
0.0 -2.1960784313723654 0.0 0.0 0.0 5.113725490196329 2.1960784313723654
0.0 2.1960784313723654 0.0 0.0 0.0 -5.113725490196684 -2.1960784313723654
0.0 -2.1960784313723654 0.0 0.0 0.0 5.113725490196685 2.1960784313723654
0.0 2.1960784313723654 0.0 0.0 0.0 -5.1137254901963285 -2.1960784313723654
0.0 -2.1960784313723654 0.0 0.0 0.0 5.113725490195974 2.1960784313723654
0.0 2.1960784313723654 0.0 0.0 0.0 -5.113725490195973 -2.1960784313723654
0.0 -2.1960784313723654 0.0 0.0 0.0 5.113725490195974 2.1960784313723654
0.0 2.1960784313723654 0.0 0.0 0.0 -5.113725490195618 -2.1960784313723654
0.0 -2.1960784313723654 0.0 0.0 0.0 5.113725490195264 2.1960784313723654
0.0 2.1960784313724098 0.0 0.0 0.0 -5.113725490195263 -2.1960784313724098
0.0 -2.1960784313724986 0.0 0.0 0.0 5.113725490195619 2.1960784313724986
0.0 2.196078431372543 0.0 0.0 0.0 -5.113725490195973 -2.196078431372543
0.0 -2.196078431372543 0.0 0.0 0.0 5.113725490195974 2.196078431372543
0.0 2.196078431372543 0.0 0.0 0.0 -5.113725490195973 -2.196078431372543
0.0 -2.1960784313724986 0.0 0.0 0.0 5.113725490196329 2.1960784313724986
0.0 2.196078431372454 0.0 0.0 0.0 -5.113725490196684 -2.196078431372454
0.0 -2.1960784313724986 0.0 0.0 0.0 5.11372549019704 2.1960784313724986
0.0 2.196078431372543 0.0 0.0 0.0 -5.113725490197394 -2.196078431372543
0.0 -2.1960784313724986 0.0 0.0 0.0 5.113725490197395 2.1960784313724986
0.0 2.196078431372454 0.0 0.0 0.0 -5.113725490197394 -2.196078431372454
0.0 -2.196078431372454 0.0 0.0 0.0 5.113725490197395 2.196078431372454
0.0 2.1960784313724098 0.0 0.0 0.0 -5.113725490197394 -2.1960784313724098
0.0 -2.1960784313723654 0.0 0.0 0.0 5.1137254901977505 2.1960784313723654
0.0 2.1960784313724098 0.0 0.0 0.0 -5.113725490198105 -2.1960784313724098
0.0 -2.196078431372454 0.0 0.0 0.0 5.113725490198461 2.196078431372454
0.0 2.196078431372454 0.0 0.0 0.0 -5.113725490198815 -2.196078431372454
0.0 -2.196078431372454 0.0 0.0 0.0 5.113725490198816 2.196078431372454
0.0 2.1960784313724098 0.0 0.0 0.0 -5.113725490198815 -2.1960784313724098
0.0 -2.196078431372321 0.0 0.0 0.0 5.1137254901991716 2.196078431372321
0.0 2.1960784313722765 0.0 0.0 0.0 -5.113725490199526 -2.1960784313722765
0.0 -2.1960784313722765 0.0 0.0 0.0 5.113725490199882 2.1960784313722765
0.0 2.1960784313722765 0.0 0.0 0.0 -5.1137254902002365 -2.1960784313722765
0.0 -2.1960784313722765 0.0 0.0 0.0 5.113725490200237 2.1960784313722765
0.0 2.1960784313722765 0.0 0.0 0.0 -5.1137254902002365 -2.1960784313722765
0.0 -2.1960784313722765 0.0 0.0 0.0 5.113725490200237 2.1960784313722765
0.0 2.1960784313722765 0.0 0.0 0.0 -5.1137254902002365 -2.1960784313722765
0.0 -2.1960784313722765 0.0 0.0 0.0 5.113725490200593 2.1960784313722765
0.0 2.196078431372321 0.0 0.0 0.0 -5.113725490200947 -2.196078431372321
0.0 -2.1960784313724098 0.0 0.0 0.0 5.113725490201303 2.1960784313724098
0.0 2.1960784313724986 0.0 0.0 0.0 -5.113725490201658 -2.1960784313724986
0.0 -2.1960784313725874 0.0 0.0 0.0 5.1137254902016585 2.1960784313725874
0.0 2.1960784313725874 0.0 0.0 0.0 -5.113725490201658 -2.1960784313725874
0.0 -2.1960784313724986 0.0 0.0 0.0 5.113725490202014 2.1960784313724986
0.0 2.1960784313724098 0.0 0.0 0.0 -5.113725490202368 -2.1960784313724098
0.0 -2.196078431372321 0.0 0.0 0.0 5.113725490202724 2.196078431372321
0.0 2.196078431372321 0.0 0.0 0.0 -5.113725490203079 -2.196078431372321
0.0 -2.1960784313724098 0.0 0.0 0.0 5.1137254902030795 2.1960784313724098
0.0 2.1960784313724986 0.0 0.0 0.0 -5.113725490203079 -2.1960784313724986
0.0 -2.1960784313725874 0.0 0.0 0.0 5.1137254902030795 2.1960784313725874
0.0 2.196078431372676 0.0 0.0 0.0 -5.113725490203079 -2.196078431372676
0.0 -2.196078431372676 0.0 0.0 0.0 5.113725490203435 2.196078431372676
0.0 2.1960784313725874 0.0 0.0 0.0 -5.113725490203789 -2.1960784313725874
0.0 -2.1960784313724986 0.0 0.0 0.0 5.113725490204145 2.1960784313724986
0.0 2.196078431372321 0.0 0.0 0.0 -5.1137254902045 -2.196078431372321
0.0 -2.1960784313721433 0.0 0.0 0.0 5.113725490204501 2.1960784313721433
0.0 2.1960784313721433 0.0 0.0 0.0 -5.1137254902045 -2.1960784313721433
0.0 -2.196078431372232 0.0 0.0 0.0 5.113725490204856 2.196078431372232
0.0 2.196078431372321 0.0 0.0 0.0 -5.11372549020521 -2.196078431372321
0.0 -2.1960784313724098 0.0 0.0 0.0 5.113725490205566 2.1960784313724098
0.0 2.1960784313724986 0.0 0.0 0.0 -5.113725490205921 -2.1960784313724986
0.0 -2.1960784313724986 0.0 0.0 0.0 5.113725490205922 2.1960784313724986
0.0 2.1960784313724098 0.0 0.0 0.0 -5.113725490205921 -2.1960784313724098
0.0 -2.196078431372321 0.0 0.0 0.0 5.113725490205922 2.196078431372321
0.0 2.196078431372232 0.0 0.0 0.0 -5.113725490205921 -2.196078431372232
0.0 -2.196078431372232 0.0 0.0 0.0 5.113725490206277 2.196078431372232
0.0 2.196078431372321 0.0 0.0 0.0 -5.113725490206276 -2.196078431372321
0.0 -2.1960784313724098 0.0 0.0 0.0 5.113725490205922 2.1960784313724098
0.0 2.1960784313724986 0.0 0.0 0.0 -5.113725490205921 -2.1960784313724986
0.0 -2.1960784313725874 0.0 0.0 0.0 5.113725490205922 2.1960784313725874
0.0 2.196078431372676 0.0 0.0 0.0 -5.113725490205921 -2.196078431372676
0.0 -2.196078431372676 0.0 0.0 0.0 5.113725490206277 2.196078431372676
0.0 2.1960784313725874 0.0 0.0 0.0 -5.113725490206631 -2.1960784313725874
0.0 -2.1960784313724986 0.0 0.0 0.0 5.1137254902069875 2.1960784313724986
0.0 2.1960784313724098 0.0 0.0 0.0 -5.113725490207342 -2.1960784313724098
0.0 -2.196078431372321 0.0 0.0 0.0 5.113725490207343 2.196078431372321
0.0 2.196078431372321 0.0 0.0 0.0 -5.113725490207342 -2.196078431372321
0.0 -2.1960784313724986 0.0 0.0 0.0 5.113725490207343 2.1960784313724986
0.0 2.196078431372676 0.0 0.0 0.0 -5.113725490206631 -2.196078431372676
0.0 -2.196078431372765 0.0 0.0 0.0 5.113725490205922 2.196078431372765
0.0 2.196078431372854 0.0 0.0 0.0 -5.113725490205921 -2.196078431372854
0.0 -2.196078431372854 0.0 0.0 0.0 5.113725490205922 2.196078431372854
0.0 2.196078431372765 0.0 0.0 0.0 -5.113725490205921 -2.196078431372765
0.0 -2.196078431372676 0.0 0.0 0.0 5.113725490205922 2.196078431372676
0.0 2.1960784313725874 0.0 0.0 0.0 -5.1137254902055655 -2.1960784313725874
0.0 -2.1960784313724986 0.0 0.0 0.0 5.113725490205211 2.1960784313724986
0.0 2.1960784313724986 0.0 0.0 0.0 -5.113725490204855 -2.1960784313724986
0.0 -2.1960784313725874 0.0 0.0 0.0 5.113725490204501 2.1960784313725874
0.0 2.1960784313725874 0.0 0.0 0.0 -5.1137254902045 -2.1960784313725874
0.0 -2.1960784313725874 0.0 0.0 0.0 5.113725490204501 2.1960784313725874
0.0 2.196078431372676 0.0 0.0 0.0 -5.1137254902045 -2.196078431372676
0.0 -2.196078431372676 0.0 0.0 0.0 5.113725490204856 2.196078431372676
0.0 2.1960784313725874 0.0 0.0 0.0 -5.113725490204855 -2.1960784313725874
0.0 -2.1960784313724986 0.0 0.0 0.0 5.113725490204501 2.1960784313724986
0.0 2.1960784313724098 0.0 0.0 0.0 -5.1137254902045 -2.1960784313724098
0.0 -2.196078431372321 0.0 0.0 0.0 5.113725490204501 2.196078431372321
0.0 2.196078431372321 0.0 0.0 0.0 -5.1137254902045 -2.196078431372321
0.0 -2.1960784313724098 0.0 0.0 0.0 5.113725490204501 2.1960784313724098
0.0 2.1960784313724986 0.0 0.0 0.0 -5.1137254902041445 -2.1960784313724986
0.0 -2.196078431372676 0.0 0.0 0.0 5.11372549020379 2.196078431372676
0.0 2.196078431372854 0.0 0.0 0.0 -5.113725490203434 -2.196078431372854
0.0 -2.196078431372854 0.0 0.0 0.0 5.1137254902030795 2.196078431372854
0.0 2.196078431372765 0.0 0.0 0.0 -5.113725490203079 -2.196078431372765
0.0 -2.196078431372676 0.0 0.0 0.0 5.1137254902030795 2.196078431372676
0.0 2.1960784313725874 0.0 0.0 0.0 -5.113725490202723 -2.1960784313725874
0.0 -2.1960784313724986 0.0 0.0 0.0 5.113725490202369 2.1960784313724986
0.0 2.1960784313724986 0.0 0.0 0.0 -5.113725490202013 -2.1960784313724986
0.0 -2.1960784313725874 0.0 0.0 0.0 5.1137254902016585 2.1960784313725874
0.0 2.196078431372676 0.0 0.0 0.0 -5.113725490201658 -2.196078431372676
0.0 -2.196078431372765 0.0 0.0 0.0 5.1137254902016585 2.196078431372765
0.0 0.0 0.0 0.0 0.0 0.0 0.0
