0.0 0.0 0.0 -1.6 0.0 1.87 0.0
0.0 -0.002745098039215686 0.0 -1.6 0.0 1.8763921568627453 0.002745098039215686
0.0 -0.005490196078431372 0.0 -1.6 0.0 1.8827843137254903 0.005490196078431372
0.0 -0.008235294117647058 0.0 -1.6 0.0 1.8891764705882355 0.008235294117647058
0.0 -0.010980392156862744 0.0 -1.6 0.0 1.8955686274509804 0.010980392156862744
0.0 -0.013725490196078431 0.0 -1.6 0.0 1.9019607843137256 0.013725490196078431
0.0 -0.016470588235294115 0.0 -1.6 0.0 1.9083529411764706 0.016470588235294115
0.0 -0.019215686274509803 0.0 -1.6 0.0 1.9147450980392158 0.019215686274509803
0.0 -0.021960784313725487 0.0 -1.6 0.0 1.921137254901961 0.021960784313725487
0.0 -0.024705882352941175 0.0 -1.6 0.0 1.927529411764706 0.024705882352941175
0.0 -0.027450980392156862 0.0 -1.6 0.0 1.9339215686274511 0.027450980392156862
0.0 -0.030196078431372547 0.0 -1.6 0.0 1.940313725490196 0.030196078431372547
0.0 -0.03294117647058823 0.0 -1.6 0.0 1.9467058823529413 0.03294117647058823
0.0 -0.03568627450980392 0.0 -1.6 0.0 1.9530980392156865 0.03568627450980392
0.0 -0.038431372549019606 0.0 -1.6 0.0 1.9594901960784314 0.038431372549019606
0.0 -0.041176470588235294 0.0 -1.6 0.0 1.9658823529411766 0.041176470588235294
0.0 -0.043921568627450974 0.0 -1.6 0.0 1.9722745098039216 0.043921568627450974
0.0 -0.04666666666666666 0.0 -1.6 0.0 1.9786666666666668 0.04666666666666666
0.0 -0.04941176470588235 0.0 -1.6 0.0 1.9850588235294118 0.04941176470588235
0.0 -0.05215686274509804 0.0 -1.6 0.0 1.991450980392157 0.05215686274509804
0.0 -0.054901960784313725 0.0 -1.6 0.0 1.9978431372549021 0.054901960784313725
0.0 -0.05764705882352941 0.0 -1.6 0.0 2.004235294117647 0.05764705882352941
0.0 -0.06039215686274509 0.0 -1.6 0.0 2.010627450980392 0.06039215686274509
0.0 -0.06313725490196077 0.0 -1.6 0.0 2.0170196078431375 0.06313725490196077
0.0 -0.06588235294117646 0.0 -1.6 0.0 2.0234117647058825 0.06588235294117646
0.0 -0.06862745098039216 0.0 -1.6 0.0 2.0298039215686274 0.06862745098039216
0.0 -0.07137254901960784 0.0 -1.6 0.0 2.036196078431373 0.07137254901960784
0.0 -0.07411764705882352 0.0 -1.6 0.0 2.042588235294118 0.07411764705882352
0.0 -0.07686274509803921 0.0 -1.6 0.0 2.048980392156863 0.07686274509803921
0.0 -0.07960784313725489 0.0 -1.6 0.0 2.0553725490196078 0.07960784313725489
0.0 -0.08235294117647059 0.0 -1.6 0.0 2.061764705882353 0.08235294117647059
0.0 -0.08509803921568627 0.0 -1.6 0.0 2.068156862745098 0.08509803921568627
0.0 -0.08784313725490195 0.0 -1.6 0.0 2.074549019607843 0.08784313725490195
0.0 -0.09058823529411764 0.0 -1.6 0.0 2.0809411764705885 0.09058823529411764
0.0 -0.09333333333333332 0.0 -1.6 0.0 2.0873333333333335 0.09333333333333332
0.0 -0.09607843137254903 0.0 -1.6 0.0 2.0937254901960785 0.09607843137254903
0.0 -0.0988235294117647 0.0 -1.6 0.0 2.1001176470588234 0.0988235294117647
0.0 -0.10156862745098039 0.0 -1.6 0.0 2.106509803921569 0.10156862745098039
0.0 -0.10431372549019607 0.0 -1.6 0.0 2.112901960784314 0.10431372549019607
0.0 -0.10705882352941175 0.0 -1.6 0.0 2.1192941176470588 0.10705882352941175
0.0 -0.10980392156862745 0.0 -1.6 0.0 2.125686274509804 0.10980392156862745
0.0 -0.11254901960784314 0.0 -1.6 0.0 2.132078431372549 0.11254901960784314
0.0 -0.11529411764705882 0.0 -1.6 0.0 2.138470588235294 0.11529411764705882
0.0 -0.1180392156862745 0.0 -1.6 0.0 2.144862745098039 0.1180392156862745
0.0 -0.12078431372549019 0.0 -1.6 0.0 2.1512549019607845 0.12078431372549019
0.0 -0.12352941176470587 0.0 -1.6 0.0 2.1576470588235295 0.12352941176470587
0.0 -0.12627450980392155 0.0 -1.6 0.0 2.1640392156862744 0.12627450980392155
0.0 -0.12901960784313726 0.0 -1.6 0.0 2.17043137254902 0.12901960784313726
0.0 -0.13176470588235292 0.0 -1.6 0.0 2.176823529411765 0.13176470588235292
0.0 -0.1345098039215686 0.0 -1.6 0.0 2.18321568627451 0.1345098039215686
0.0 -0.13725490196078433 0.0 -1.6 0.0 2.1896078431372548 0.13725490196078433
0.0 -0.13999999999999999 0.0 -1.6 0.0 2.196 0.13999999999999999
0.0 -0.14274509803921567 0.0 -1.6 0.0 2.202392156862745 0.14274509803921567
0.0 -0.14549019607843136 0.0 -1.6 0.0 2.20878431372549 0.14549019607843136
0.0 -0.14823529411764705 0.0 -1.6 0.0 2.2151764705882355 0.14823529411764705
0.0 -0.15098039215686274 0.0 -1.6 0.0 2.2215686274509805 0.15098039215686274
0.0 -0.15372549019607842 0.0 -1.6 0.0 2.2279607843137255 0.15372549019607842
0.0 -0.1564705882352941 0.0 -1.6 0.0 2.234352941176471 0.1564705882352941
0.0 -0.15921568627450977 0.0 -1.6 0.0 2.240745098039216 0.15921568627450977
0.0 -0.1619607843137255 0.0 -1.6 0.0 2.247137254901961 0.1619607843137255
0.0 -0.16470588235294117 0.0 -1.6 0.0 2.2535294117647062 0.16470588235294117
0.0 -0.16745098039215683 0.0 -1.6 0.0 2.259921568627451 0.16745098039215683
0.0 -0.17019607843137255 0.0 -1.6 0.0 2.266313725490196 0.17019607843137255
0.0 -0.1729411764705882 0.0 -1.6 0.0 2.272705882352941 0.1729411764705882
0.0 -0.1756862745098039 0.0 -1.6 0.0 2.2790980392156865 0.1756862745098039
0.0 -0.1784313725490196 0.0 -1.6 0.0 2.2854901960784315 0.1784313725490196
0.0 -0.18117647058823527 0.0 -1.6 0.0 2.2918823529411765 0.18117647058823527
0.0 -0.183921568627451 0.0 -1.6 0.0 2.298274509803922 0.183921568627451
0.0 -0.18666666666666665 0.0 -1.6 0.0 2.304666666666667 0.18666666666666665
0.0 -0.18941176470588234 0.0 -1.6 0.0 2.311058823529412 0.18941176470588234
0.0 -0.19215686274509805 0.0 -1.6 0.0 2.317450980392157 0.19215686274509805
0.0 -0.1949019607843137 0.0 -1.6 0.0 2.323843137254902 0.1949019607843137
0.0 -0.1976470588235294 0.0 -1.6 0.0 2.330235294117647 0.1976470588235294
0.0 -0.20039215686274509 0.0 -1.6 0.0 2.336627450980392 0.20039215686274509
0.0 -0.20313725490196077 0.0 -1.6 0.0 2.3430196078431376 0.20313725490196077
0.0 -0.20588235294117646 0.0 -1.6 0.0 2.3494117647058825 0.20588235294117646
0.0 -0.20862745098039215 0.0 -1.6 0.0 2.3558039215686275 0.20862745098039215
0.0 -0.21137254901960784 0.0 -1.6 0.0 2.3621960784313725 0.21137254901960784
0.0 -0.2141176470588235 0.0 -1.6 0.0 2.368588235294118 0.2141176470588235
0.0 -0.2168627450980392 0.0 -1.6 0.0 2.374980392156863 0.2168627450980392
0.0 -0.2196078431372549 0.0 -1.6 0.0 2.381372549019608 0.2196078431372549
0.0 -0.22235294117647056 0.0 -1.6 0.0 2.3877647058823532 0.22235294117647056
0.0 -0.22509803921568627 0.0 -1.6 0.0 2.394156862745098 0.22509803921568627
0.0 -0.22784313725490193 0.0 -1.6 0.0 2.400549019607843 0.22784313725490193
0.0 -0.23058823529411765 0.0 -1.6 0.0 2.406941176470588 0.23058823529411765
0.0 -0.2333333333333333 0.0 -1.6 0.0 2.413333333333333 0.2333333333333333
0.0 -0.236078431372549 0.0 -1.6 0.0 2.4197254901960785 0.236078431372549
0.0 -0.2388235294117647 0.0 -1.6 0.0 2.4261176470588235 0.2388235294117647
0.0 -0.24156862745098037 0.0 -1.6 0.0 2.432509803921569 0.24156862745098037
0.0 -0.24431372549019606 0.0 -1.6 0.0 2.438901960784314 0.24431372549019606
0.0 -0.24705882352941175 0.0 -1.6 0.0 2.445294117647059 0.24705882352941175
0.0 -0.24980392156862744 0.0 -1.6 0.0 2.451686274509804 0.24980392156862744
0.0 -0.2525490196078431 0.0 -1.6 0.0 2.4580784313725488 0.2525490196078431
0.0 -0.2552941176470588 0.0 -1.6 0.0 2.464470588235294 0.2552941176470588
0.0 -0.2580392156862745 0.0 -1.6 0.0 2.470862745098039 0.2580392156862745
0.0 -0.2607843137254902 0.0 -1.6 0.0 2.4772549019607846 0.2607843137254902
0.0 -0.26352941176470585 0.0 -1.6 0.0 2.4836470588235295 0.26352941176470585
0.0 -0.26627450980392153 0.0 -1.6 0.0 2.4900392156862745 0.26627450980392153
0.0 -0.2690196078431372 0.0 -1.6 0.0 2.4964313725490195 0.2690196078431372
0.0 -0.2717647058823529 0.0 -1.6 0.0 2.5028235294117644 0.2717647058823529
0.0 -0.27450980392156865 0.0 -1.6 0.0 2.50921568627451 0.27450980392156865
0.0 -0.2772549019607843 0.0 -1.6 0.0 2.515607843137255 0.2772549019607843
0.0 -0.27999999999999997 0.0 -1.6 0.0 2.5220000000000002 0.27999999999999997
0.0 -0.28274509803921566 0.0 -1.6 0.0 2.528392156862745 0.28274509803921566
0.0 -0.28549019607843135 0.0 -1.6 0.0 2.53478431372549 0.28549019607843135
0.0 -0.28823529411764703 0.0 -1.6 0.0 2.541176470588235 0.28823529411764703
0.0 -0.2909803921568627 0.0 -1.6 0.0 2.5475686274509806 0.2909803921568627
0.0 -0.2937254901960784 0.0 -1.6 0.0 2.5539607843137255 0.2937254901960784
0.0 -0.2964705882352941 0.0 -1.6 0.0 2.5603529411764705 0.2964705882352941
0.0 -0.2992156862745098 0.0 -1.6 0.0 2.566745098039216 0.2992156862745098
0.0 -0.30196078431372547 0.0 -1.6 0.0 2.573137254901961 0.30196078431372547
0.0 -0.3047058823529411 0.0 -1.6 0.0 2.579529411764706 0.3047058823529411
0.0 -0.30745098039215685 0.0 -1.6 0.0 2.5859215686274513 0.30745098039215685
0.0 -0.31019607843137254 0.0 -1.6 0.0 2.5923137254901962 0.31019607843137254
0.0 -0.3129411764705882 0.0 -1.6 0.0 2.598705882352941 0.3129411764705882
0.0 -0.3156862745098039 0.0 -1.6 0.0 2.6050980392156866 0.3156862745098039
0.0 -0.31843137254901954 0.0 -1.6 0.0 2.6114901960784316 0.31843137254901954
0.0 -0.3211764705882353 0.0 -1.6 0.0 2.6178823529411765 0.3211764705882353
0.0 -0.323921568627451 0.0 -1.6 0.0 2.6242745098039215 0.323921568627451
0.0 -0.32666666666666666 0.0 -1.6 0.0 2.630666666666667 0.32666666666666666
0.0 -0.32941176470588235 0.0 -1.6 0.0 2.637058823529412 0.32941176470588235
0.0 -0.332156862745098 0.0 -1.6 0.0 2.643450980392157 0.332156862745098
0.0 -0.33490196078431367 0.0 -1.6 0.0 2.6498431372549023 0.33490196078431367
0.0 -0.3376470588235294 0.0 -1.6 0.0 2.6562352941176472 0.3376470588235294
0.0 -0.3403921568627451 0.0 -1.6 0.0 2.662627450980392 0.3403921568627451
0.0 -0.3431372549019608 0.0 -1.6 0.0 2.669019607843137 0.3431372549019608
0.0 -0.3458823529411764 0.0 -1.6 0.0 2.6754117647058826 0.3458823529411764
0.0 -0.3486274509803921 0.0 -1.6 0.0 2.6818039215686276 0.3486274509803921
0.0 -0.3513725490196078 0.0 -1.6 0.0 2.6881960784313725 0.3513725490196078
0.0 -0.35411764705882354 0.0 -1.6 0.0 2.694588235294118 0.35411764705882354
0.0 -0.3568627450980392 0.0 -1.6 0.0 2.700980392156863 0.3568627450980392
0.0 -0.35960784313725486 0.0 -1.6 0.0 2.707372549019608 0.35960784313725486
0.0 -0.36235294117647054 0.0 -1.6 0.0 2.713764705882353 0.36235294117647054
0.0 -0.36509803921568623 0.0 -1.6 0.0 2.7201568627450983 0.36509803921568623
0.0 -0.367843137254902 0.0 -1.6 0.0 2.7265490196078432 0.367843137254902
0.0 -0.37058823529411766 0.0 -1.6 0.0 2.732941176470588 0.37058823529411766
0.0 -0.3733333333333333 0.0 -1.6 0.0 2.7393333333333336 0.3733333333333333
0.0 -0.376078431372549 0.0 -1.6 0.0 2.7457254901960786 0.376078431372549
0.0 -0.37882352941176467 0.0 -1.6 0.0 2.7521176470588236 0.37882352941176467
0.0 -0.38156862745098036 0.0 -1.6 0.0 2.7585098039215685 0.38156862745098036
0.0 -0.3843137254901961 0.0 -1.6 0.0 2.764901960784314 0.3843137254901961
0.0 -0.38705882352941173 0.0 -1.6 0.0 2.771294117647059 0.38705882352941173
0.0 -0.3898039215686274 0.0 -1.6 0.0 2.777686274509804 0.3898039215686274
0.0 -0.3925490196078431 0.0 -1.6 0.0 2.7840784313725493 0.3925490196078431
0.0 -0.3952941176470588 0.0 -1.6 0.0 2.7904705882352943 0.3952941176470588
0.0 -0.3980392156862745 0.0 -1.6 0.0 2.7968627450980392 0.3980392156862745
0.0 -0.40078431372549017 0.0 -1.6 0.0 2.803254901960784 0.40078431372549017
0.0 -0.40352941176470586 0.0 -1.6 0.0 2.8096470588235296 0.40352941176470586
0.0 -0.40627450980392155 0.0 -1.6 0.0 2.8160392156862746 0.40627450980392155
0.0 -0.40901960784313723 0.0 -1.6 0.0 2.8224313725490195 0.40901960784313723
0.0 -0.4117647058823529 0.0 -1.6 0.0 2.828823529411765 0.4117647058823529
0.0 -0.4145098039215686 0.0 -1.6 0.0 2.83521568627451 0.4145098039215686
0.0 -0.4172549019607843 0.0 -1.6 0.0 2.841607843137255 0.4172549019607843
0.0 -0.42 0.0 -1.6 0.0 2.848 0.42
0.0 -0.42274509803921567 0.0 -1.6 0.0 2.8543921568627453 0.42274509803921567
0.0 -0.42549019607843136 0.0 -1.6 0.0 2.8607843137254902 0.42549019607843136
0.0 -0.428235294117647 0.0 -1.6 0.0 2.867176470588235 0.428235294117647
0.0 -0.43098039215686273 0.0 -1.6 0.0 2.8735686274509806 0.43098039215686273
0.0 -0.4337254901960784 0.0 -1.6 0.0 2.8799607843137256 0.4337254901960784
0.0 -0.4364705882352941 0.0 -1.6 0.0 2.8863529411764706 0.4364705882352941
0.0 -0.4392156862745098 0.0 -1.6 0.0 2.8927450980392155 0.4392156862745098
0.0 -0.44196078431372543 0.0 -1.6 0.0 2.899137254901961 0.44196078431372543
0.0 -0.4447058823529411 0.0 -1.6 0.0 2.905529411764706 0.4447058823529411
0.0 -0.44745098039215686 0.0 -1.6 0.0 2.9119215686274513 0.44745098039215686
0.0 -0.45019607843137255 0.0 -1.6 0.0 2.9183137254901963 0.45019607843137255
0.0 -0.4529411764705882 0.0 -1.6 0.0 2.9247058823529413 0.4529411764705882
0.0 -0.45568627450980387 0.0 -1.6 0.0 2.9310980392156862 0.45568627450980387
0.0 -0.45843137254901956 0.0 -1.6 0.0 2.937490196078431 0.45843137254901956
0.0 -0.4611764705882353 0.0 -1.6 0.0 2.943882352941176 0.4611764705882353
0.0 -0.463921568627451 0.0 -1.6 0.0 2.9502745098039216 0.463921568627451
0.0 -0.4666666666666666 0.0 -1.6 0.0 2.9566666666666666 0.4666666666666666
0.0 -0.4694117647058823 0.0 -1.6 0.0 2.963058823529412 0.4694117647058823
0.0 -0.472156862745098 0.0 -1.6 0.0 2.969450980392157 0.472156862745098
0.0 -0.4749019607843137 0.0 -1.6 0.0 2.975843137254902 0.4749019607843137
0.0 -0.4776470588235294 0.0 -1.6 0.0 2.982235294117647 0.4776470588235294
0.0 -0.48039215686274506 0.0 -1.6 0.0 2.9886274509803923 0.48039215686274506
0.0 -0.48313725490196074 0.0 -1.6 0.0 2.9950196078431373 0.48313725490196074
0.0 -0.48588235294117643 0.0 -1.6 0.0 3.0014117647058827 0.48588235294117643
0.0 -0.4886274509803921 0.0 -1.6 0.0 3.0078039215686276 0.4886274509803921
0.0 -0.4913725490196078 0.0 -1.6 0.0 3.0141960784313726 0.4913725490196078
0.0 -0.4941176470588235 0.0 -1.6 0.0 3.0205882352941176 0.4941176470588235
0.0 -0.4968627450980392 0.0 -1.6 0.0 3.0269803921568625 0.4968627450980392
0.0 -0.49960784313725487 0.0 -1.6 0.0 3.0333725490196075 0.49960784313725487
0.0 -0.5023529411764706 0.0 -1.6 0.0 3.039764705882353 0.5023529411764706
0.0 -0.5050980392156862 0.0 -1.6 0.0 3.046156862745098 0.5050980392156862
0.0 -0.5078431372549019 0.0 -1.6 0.0 3.0525490196078433 0.5078431372549019
0.0 -0.5105882352941176 0.0 -1.6 0.0 3.0589411764705883 0.5105882352941176
0.0 -0.5133333333333333 0.0 -1.6 0.0 3.0653333333333332 0.5133333333333333
0.0 -0.516078431372549 0.0 -1.6 0.0 3.071725490196078 0.516078431372549
0.0 -0.5188235294117647 0.0 -1.6 0.0 3.0781176470588236 0.5188235294117647
0.0 -0.5215686274509804 0.0 -1.6 0.0 3.0845098039215686 0.5215686274509804
0.0 -0.5243137254901961 0.0 -1.6 0.0 3.090901960784314 0.5243137254901961
0.0 -0.5270588235294117 0.0 -1.6 0.0 3.097294117647059 0.5270588235294117
0.0 -0.5298039215686274 0.0 -1.6 0.0 3.103686274509804 0.5298039215686274
0.0 -0.5325490196078431 0.0 -1.6 0.0 3.110078431372549 0.5325490196078431
0.0 -0.5352941176470588 0.0 -1.6 0.0 3.116470588235294 0.5352941176470588
0.0 -0.5380392156862744 0.0 -1.6 0.0 3.122862745098039 0.5380392156862744
0.0 -0.5407843137254901 0.0 -1.6 0.0 3.1292549019607843 0.5407843137254901
0.0 -0.5435294117647058 0.0 -1.6 0.0 3.1356470588235292 0.5435294117647058
0.0 -0.5462745098039214 0.0 -1.6 0.0 3.1420392156862746 0.5462745098039214
0.0 -0.5490196078431373 0.0 -1.6 0.0 3.1484313725490196 0.5490196078431373
0.0 -0.5517647058823529 0.0 -1.6 0.0 3.1548235294117646 0.5517647058823529
0.0 -0.5545098039215686 0.0 -1.6 0.0 3.1612156862745096 0.5545098039215686
0.0 -0.5572549019607843 0.0 -1.6 0.0 3.167607843137255 0.5572549019607843
0.0 -0.5599999999999999 0.0 -1.6 0.0 3.174 0.5599999999999999
0.0 -0.5627450980392157 0.0 -1.6 0.0 3.1803921568627453 0.5627450980392157
0.0 -0.5654901960784313 0.0 -1.6 0.0 3.1867843137254903 0.5654901960784313
0.0 -0.568235294117647 0.0 -1.6 0.0 3.1931764705882353 0.568235294117647
0.0 -0.5709803921568627 0.0 -1.6 0.0 3.1995686274509803 0.5709803921568627
0.0 -0.5737254901960783 0.0 -1.6 0.0 3.205960784313725 0.5737254901960783
0.0 -0.5764705882352941 0.0 -1.6 0.0 3.21235294117647 0.5764705882352941
0.0 -0.5792156862745098 0.0 -1.6 0.0 3.2187450980392156 0.5792156862745098
0.0 -0.5819607843137254 0.0 -1.6 0.0 3.225137254901961 0.5819607843137254
0.0 -0.5847058823529412 0.0 -1.6 0.0 3.231529411764706 0.5847058823529412
0.0 -0.5874509803921568 0.0 -1.6 0.0 3.237921568627451 0.5874509803921568
0.0 -0.5901960784313726 0.0 -1.6 0.0 3.244313725490196 0.5901960784313726
0.0 -0.5929411764705882 0.0 -1.6 0.0 3.250705882352941 0.5929411764705882
0.0 -0.5956862745098038 0.0 -1.6 0.0 3.2570980392156863 0.5956862745098038
0.0 -0.5984313725490196 0.0 -1.6 0.0 3.2634901960784313 0.5984313725490196
0.0 -0.6011764705882352 0.0 -1.6 0.0 3.2698823529411767 0.6011764705882352
0.0 -0.6039215686274509 0.0 -1.6 0.0 3.2762745098039217 0.6039215686274509
0.0 -0.6066666666666666 0.0 -1.6 0.0 3.2826666666666666 0.6066666666666666
0.0 -0.6094117647058822 0.0 -1.6 0.0 3.2890588235294116 0.6094117647058822
0.0 -0.6121568627450981 0.0 -1.6 0.0 3.2954509803921566 0.6121568627450981
0.0 -0.6149019607843137 0.0 -1.6 0.0 3.3018431372549024 0.6149019607843137
0.0 -0.6176470588235294 0.0 -1.6 0.0 3.3082352941176474 0.6176470588235294
0.0 -0.6203921568627451 0.0 -1.6 0.0 3.3146274509803924 0.6203921568627451
0.0 -0.6231372549019607 0.0 -1.6 0.0 3.3210196078431373 0.6231372549019607
0.0 -0.6258823529411764 0.0 -1.6 0.0 3.3274117647058823 0.6258823529411764
0.0 -0.6286274509803921 0.0 -1.6 0.0 3.3338039215686273 0.6286274509803921
0.0 -0.6313725490196078 0.0 -1.6 0.0 3.3401960784313727 0.6313725490196078
0.0 -0.6341176470588235 0.0 -1.6 0.0 3.3465882352941176 0.6341176470588235
0.0 -0.6368627450980391 0.0 -1.6 0.0 3.352980392156863 0.6368627450980391
0.0 -0.6396078431372548 0.0 -1.6 0.0 3.359372549019608 0.6396078431372548
0.0 -0.6423529411764706 0.0 -1.6 0.0 3.365764705882353 0.6423529411764706
0.0 -0.6450980392156863 0.0 -1.6 0.0 3.372156862745098 0.6450980392156863
0.0 -0.647843137254902 0.0 -1.6 0.0 3.378549019607843 0.647843137254902
0.0 -0.6505882352941176 0.0 -1.6 0.0 3.3849411764705883 0.6505882352941176
0.0 -0.6533333333333333 0.0 -1.6 0.0 3.3913333333333338 0.6533333333333333
0.0 -0.656078431372549 0.0 -1.6 0.0 3.3977254901960787 0.656078431372549
0.0 -0.6588235294117647 0.0 -1.6 0.0 3.4041176470588237 0.6588235294117647
0.0 -0.6615686274509803 0.0 -1.6 0.0 3.4105098039215687 0.6615686274509803
0.0 -0.664313725490196 0.0 -1.6 0.0 3.4169019607843136 0.664313725490196
0.0 -0.6670588235294117 0.0 -1.6 0.0 3.4232941176470586 0.6670588235294117
0.0 -0.6698039215686273 0.0 -1.6 0.0 3.429686274509804 0.6698039215686273
0.0 -0.6725490196078432 0.0 -1.6 0.0 3.436078431372549 0.6725490196078432
0.0 -0.6752941176470588 0.0 -1.6 0.0 3.4424705882352944 0.6752941176470588
0.0 -0.6780392156862745 0.0 -1.6 0.0 3.4488627450980394 0.6780392156862745
0.0 -0.6807843137254902 0.0 -1.6 0.0 3.4552549019607843 0.6807843137254902
0.0 -0.6835294117647058 0.0 -1.6 0.0 3.4616470588235293 0.6835294117647058
0.0 -0.6862745098039216 0.0 -1.6 0.0 3.4680392156862747 0.6862745098039216
0.0 -0.6890196078431372 0.0 -1.6 0.0 3.4744313725490197 0.6890196078431372
0.0 -0.6917647058823528 0.0 -1.6 0.0 3.480823529411765 0.6917647058823528
0.0 -0.6945098039215686 0.0 -1.6 0.0 3.48721568627451 0.6945098039215686
0.0 -0.6972549019607842 0.0 -1.6 0.0 3.493607843137255 0.6972549019607842
0.0 -0.7 0.0 -1.6 0.0 3.5 0.7
