0.0 0.0 0.0 0.0 0.0 0.0 0.0
0.0 -0.10980392156862742 0.0 0.0 0.0 0.2556862745098076 0.10980392156862742
0.0 0.0 0.0 0.0 0.0 -8.881784197001252e-15 0.0
0.0 -0.10980392156862742 0.0 0.0 0.0 0.25568627450981646 0.10980392156862742
0.0 0.0 0.0 0.0 0.0 -1.7763568394002505e-14 0.0
0.0 -0.10980392156862749 0.0 0.0 0.0 0.25568627450982534 0.10980392156862749
0.0 1.5265566588595902e-16 0.0 0.0 0.0 -2.6645352591003757e-14 -1.5265566588595902e-16
0.0 -0.10980392156862764 0.0 0.0 0.0 0.2556862745098342 0.10980392156862764
0.0 2.636779683484747e-16 0.0 0.0 0.0 -2.6645352591003757e-14 -2.636779683484747e-16
0.0 -0.10980392156862775 0.0 0.0 0.0 0.25568627450982534 0.10980392156862775
0.0 2.636779683484747e-16 0.0 0.0 0.0 -1.7763568394002505e-14 -2.636779683484747e-16
0.0 -0.1098039215686276 0.0 0.0 0.0 0.25568627450981646 0.1098039215686276
0.0 2.3592239273284576e-16 0.0 0.0 0.0 -8.881784197001252e-15 -2.3592239273284576e-16
0.0 -0.10980392156862771 0.0 0.0 0.0 0.25568627450981646 0.10980392156862771
0.0 1.942890293094024e-16 0.0 0.0 0.0 -1.7763568394002505e-14 -1.942890293094024e-16
0.0 -0.10980392156862767 0.0 0.0 0.0 0.25568627450982534 0.10980392156862767
0.0 4.440892098500626e-16 0.0 0.0 0.0 -2.6645352591003757e-14 -4.440892098500626e-16
0.0 -0.10980392156862794 0.0 0.0 0.0 0.2556862745098342 0.10980392156862794
0.0 4.163336342344337e-16 0.0 0.0 0.0 -3.552713678800501e-14 -4.163336342344337e-16
0.0 -0.10980392156862792 0.0 0.0 0.0 0.2556862745098431 0.10980392156862792
0.0 4.163336342344337e-16 0.0 0.0 0.0 -3.552713678800501e-14 -4.163336342344337e-16
0.0 -0.10980392156862792 0.0 0.0 0.0 0.2556862745098342 0.10980392156862792
0.0 6.800116025829084e-16 0.0 0.0 0.0 -3.552713678800501e-14 -6.800116025829084e-16
0.0 -0.1098039215686279 0.0 0.0 0.0 0.255686274509852 0.1098039215686279
0.0 3.885780586188048e-16 0.0 0.0 0.0 -5.3290705182007514e-14 -3.885780586188048e-16
0.0 -0.10980392156862843 0.0 0.0 0.0 0.255686274509852 0.10980392156862843
0.0 1.4988010832439613e-15 0.0 0.0 0.0 -3.552713678800501e-14 -1.4988010832439613e-15
0.0 -0.10980392156862899 0.0 0.0 0.0 0.2556862745098342 0.10980392156862899
0.0 1.4988010832439613e-15 0.0 0.0 0.0 -3.552713678800501e-14 -1.4988010832439613e-15
0.0 -0.10980392156862843 0.0 0.0 0.0 0.2556862745098342 0.10980392156862843
0.0 3.885780586188048e-16 0.0 0.0 0.0 -1.7763568394002505e-14 -3.885780586188048e-16
0.0 -0.10980392156862788 0.0 0.0 0.0 0.25568627450981646 0.10980392156862788
0.0 9.43689570931383e-16 0.0 0.0 0.0 -1.7763568394002505e-14 -9.43689570931383e-16
0.0 -0.10980392156862843 0.0 0.0 0.0 0.2556862745098342 0.10980392156862843
0.0 9.43689570931383e-16 0.0 0.0 0.0 -3.552713678800501e-14 -9.43689570931383e-16
0.0 -0.10980392156862899 0.0 0.0 0.0 0.2556862745098342 0.10980392156862899
0.0 2.0539125955565396e-15 0.0 0.0 0.0 -3.552713678800501e-14 -2.0539125955565396e-15
0.0 -0.10980392156862955 0.0 0.0 0.0 0.255686274509852 0.10980392156862955
0.0 2.0539125955565396e-15 0.0 0.0 0.0 -5.3290705182007514e-14 -2.0539125955565396e-15
0.0 -0.10980392156862899 0.0 0.0 0.0 0.255686274509852 0.10980392156862899
0.0 9.43689570931383e-16 0.0 0.0 0.0 -3.552713678800501e-14 -9.43689570931383e-16
0.0 -0.10980392156862843 0.0 0.0 0.0 0.2556862745098342 0.10980392156862843
0.0 9.43689570931383e-16 0.0 0.0 0.0 -3.552713678800501e-14 -9.43689570931383e-16
0.0 -0.10980392156862788 0.0 0.0 0.0 0.2556862745098342 0.10980392156862788
0.0 3.885780586188048e-16 0.0 0.0 0.0 -1.7763568394002505e-14 -3.885780586188048e-16
0.0 -0.10980392156862788 0.0 0.0 0.0 0.25568627450981646 0.10980392156862788
0.0 9.43689570931383e-16 0.0 0.0 0.0 -1.7763568394002505e-14 -9.43689570931383e-16
0.0 -0.10980392156862955 0.0 0.0 0.0 0.2556862745098342 0.10980392156862955
0.0 3.164135620181696e-15 0.0 0.0 0.0 -3.552713678800501e-14 -3.164135620181696e-15
0.0 -0.10980392156863066 0.0 0.0 0.0 0.2556862745098342 0.10980392156863066
0.0 2.0539125955565396e-15 0.0 0.0 0.0 -3.552713678800501e-14 -2.0539125955565396e-15
0.0 -0.10980392156862843 0.0 0.0 0.0 0.255686274509852 0.10980392156862843
0.0 9.43689570931383e-16 0.0 0.0 0.0 -5.3290705182007514e-14 -9.43689570931383e-16
0.0 -0.10980392156862843 0.0 0.0 0.0 0.255686274509852 0.10980392156862843
0.0 9.43689570931383e-16 0.0 0.0 0.0 -3.552713678800501e-14 -9.43689570931383e-16
0.0 -0.10980392156862843 0.0 0.0 0.0 0.2556862745098342 0.10980392156862843
0.0 9.43689570931383e-16 0.0 0.0 0.0 -3.552713678800501e-14 -9.43689570931383e-16
0.0 -0.10980392156862843 0.0 0.0 0.0 0.255686274509852 0.10980392156862843
0.0 2.0539125955565396e-15 0.0 0.0 0.0 -5.3290705182007514e-14 -2.0539125955565396e-15
0.0 -0.10980392156863066 0.0 0.0 0.0 0.255686274509852 0.10980392156863066
0.0 3.164135620181696e-15 0.0 0.0 0.0 -3.552713678800501e-14 -3.164135620181696e-15
0.0 -0.10980392156862955 0.0 0.0 0.0 0.2556862745098342 0.10980392156862955
0.0 9.43689570931383e-16 0.0 0.0 0.0 -3.552713678800501e-14 -9.43689570931383e-16
0.0 -0.10980392156862732 0.0 0.0 0.0 0.2556862745098342 0.10980392156862732
0.0 -1.6653345369377348e-16 0.0 0.0 0.0 -1.7763568394002505e-14 1.6653345369377348e-16
0.0 -0.10980392156862843 0.0 0.0 0.0 0.25568627450981646 0.10980392156862843
0.0 2.0539125955565396e-15 0.0 0.0 0.0 -1.7763568394002505e-14 -2.0539125955565396e-15
0.0 -0.10980392156863066 0.0 0.0 0.0 0.2556862745098342 0.10980392156863066
0.0 4.274358644806853e-15 0.0 0.0 0.0 -3.552713678800501e-14 -4.274358644806853e-15
0.0 -0.10980392156863177 0.0 0.0 0.0 0.2556862745098342 0.10980392156863177
0.0 3.164135620181696e-15 0.0 0.0 0.0 -3.552713678800501e-14 -3.164135620181696e-15
0.0 -0.10980392156862955 0.0 0.0 0.0 0.255686274509852 0.10980392156862955
0.0 2.0539125955565396e-15 0.0 0.0 0.0 -5.3290705182007514e-14 -2.0539125955565396e-15
0.0 -0.10980392156862955 0.0 0.0 0.0 0.255686274509852 0.10980392156862955
0.0 2.0539125955565396e-15 0.0 0.0 0.0 -3.552713678800501e-14 -2.0539125955565396e-15
0.0 -0.10980392156862955 0.0 0.0 0.0 0.2556862745098342 0.10980392156862955
0.0 2.0539125955565396e-15 0.0 0.0 0.0 -3.552713678800501e-14 -2.0539125955565396e-15
0.0 -0.10980392156862955 0.0 0.0 0.0 0.2556862745098342 0.10980392156862955
0.0 3.164135620181696e-15 0.0 0.0 0.0 -1.7763568394002505e-14 -3.164135620181696e-15
0.0 -0.10980392156863177 0.0 0.0 0.0 0.25568627450981646 0.10980392156863177
0.0 4.274358644806853e-15 0.0 0.0 0.0 -1.7763568394002505e-14 -4.274358644806853e-15
0.0 -0.10980392156863066 0.0 0.0 0.0 0.2556862745098342 0.10980392156863066
0.0 2.0539125955565396e-15 0.0 0.0 0.0 -3.552713678800501e-14 -2.0539125955565396e-15
0.0 -0.10980392156862843 0.0 0.0 0.0 0.2556862745098342 0.10980392156862843
0.0 -1.6653345369377348e-16 0.0 0.0 0.0 -3.552713678800501e-14 1.6653345369377348e-16
0.0 -0.10980392156862621 0.0 0.0 0.0 0.2556862745098342 0.10980392156862621
0.0 -1.27675647831893e-15 0.0 0.0 0.0 -1.7763568394002505e-14 1.27675647831893e-15
0.0 -0.10980392156862732 0.0 0.0 0.0 0.25568627450981646 0.10980392156862732
0.0 9.43689570931383e-16 0.0 0.0 0.0 0.0 -9.43689570931383e-16
0.0 -0.10980392156862843 0.0 0.0 0.0 0.2556862745097987 0.10980392156862843
0.0 9.43689570931383e-16 0.0 0.0 0.0 0.0 -9.43689570931383e-16
0.0 -0.10980392156862843 0.0 0.0 0.0 0.2556862745097987 0.10980392156862843
0.0 2.0539125955565396e-15 0.0 0.0 0.0 0.0 -2.0539125955565396e-15
0.0 -0.10980392156862955 0.0 0.0 0.0 0.25568627450981646 0.10980392156862955
0.0 -1.6653345369377348e-16 0.0 0.0 0.0 -1.7763568394002505e-14 1.6653345369377348e-16
0.0 -0.10980392156862732 0.0 0.0 0.0 0.2556862745098342 0.10980392156862732
0.0 2.0539125955565396e-15 0.0 0.0 0.0 -3.552713678800501e-14 -2.0539125955565396e-15
0.0 -0.10980392156862955 0.0 0.0 0.0 0.2556862745098342 0.10980392156862955
0.0 2.0539125955565396e-15 0.0 0.0 0.0 -3.552713678800501e-14 -2.0539125955565396e-15
0.0 -0.10980392156862955 0.0 0.0 0.0 0.2556862745098342 0.10980392156862955
0.0 -1.6653345369377348e-16 0.0 0.0 0.0 -1.7763568394002505e-14 1.6653345369377348e-16
0.0 -0.1098039215686251 0.0 0.0 0.0 0.25568627450981646 0.1098039215686251
0.0 -2.3869795029440866e-15 0.0 0.0 0.0 0.0 2.3869795029440866e-15
0.0 -0.1098039215686251 0.0 0.0 0.0 0.2556862745097987 0.1098039215686251
0.0 -2.3869795029440866e-15 0.0 0.0 0.0 0.0 2.3869795029440866e-15
0.0 -0.1098039215686251 0.0 0.0 0.0 0.2556862745097987 0.1098039215686251
0.0 -2.3869795029440866e-15 0.0 0.0 0.0 1.7763568394002505e-14 2.3869795029440866e-15
0.0 -0.1098039215686251 0.0 0.0 0.0 0.25568627450978093 0.1098039215686251
0.0 -2.3869795029440866e-15 0.0 0.0 0.0 1.7763568394002505e-14 2.3869795029440866e-15
0.0 -0.1098039215686251 0.0 0.0 0.0 0.2556862745097987 0.1098039215686251
0.0 -2.3869795029440866e-15 0.0 0.0 0.0 0.0 2.3869795029440866e-15
0.0 -0.10980392156862288 0.0 0.0 0.0 0.2556862745097987 0.10980392156862288
0.0 -6.827871601444713e-15 0.0 0.0 0.0 1.7763568394002505e-14 6.827871601444713e-15
0.0 -0.10980392156862066 0.0 0.0 0.0 0.25568627450978093 0.10980392156862066
0.0 -6.827871601444713e-15 0.0 0.0 0.0 1.7763568394002505e-14 6.827871601444713e-15
0.0 -0.10980392156862066 0.0 0.0 0.0 0.2556862745097987 0.10980392156862066
0.0 -4.6074255521944e-15 0.0 0.0 0.0 0.0 4.6074255521944e-15
0.0 -0.1098039215686251 0.0 0.0 0.0 0.2556862745097987 0.1098039215686251
0.0 -2.3869795029440866e-15 0.0 0.0 0.0 0.0 2.3869795029440866e-15
0.0 -0.1098039215686251 0.0 0.0 0.0 0.25568627450981646 0.1098039215686251
0.0 -2.3869795029440866e-15 0.0 0.0 0.0 -1.7763568394002505e-14 2.3869795029440866e-15
0.0 -0.10980392156862288 0.0 0.0 0.0 0.25568627450981646 0.10980392156862288
0.0 -4.6074255521944e-15 0.0 0.0 0.0 0.0 4.6074255521944e-15
0.0 -0.1098039215686251 0.0 0.0 0.0 0.2556862745097987 0.1098039215686251
0.0 -2.3869795029440866e-15 0.0 0.0 0.0 0.0 2.3869795029440866e-15
0.0 -0.1098039215686251 0.0 0.0 0.0 0.2556862745097987 0.1098039215686251
0.0 -1.6653345369377348e-16 0.0 0.0 0.0 1.7763568394002505e-14 1.6653345369377348e-16
0.0 -0.10980392156862732 0.0 0.0 0.0 0.25568627450978093 0.10980392156862732
0.0 -1.6653345369377348e-16 0.0 0.0 0.0 1.7763568394002505e-14 1.6653345369377348e-16
0.0 -0.10980392156862955 0.0 0.0 0.0 0.2556862745097987 0.10980392156862955
0.0 2.0539125955565396e-15 0.0 0.0 0.0 0.0 -2.0539125955565396e-15
0.0 -0.10980392156862732 0.0 0.0 0.0 0.2556862745097987 0.10980392156862732
0.0 -1.6653345369377348e-16 0.0 0.0 0.0 0.0 1.6653345369377348e-16
0.0 -0.10980392156862732 0.0 0.0 0.0 0.25568627450981646 0.10980392156862732
0.0 -2.3869795029440866e-15 0.0 0.0 0.0 -1.7763568394002505e-14 2.3869795029440866e-15
0.0 -0.1098039215686251 0.0 0.0 0.0 0.25568627450981646 0.1098039215686251
0.0 -1.6653345369377348e-16 0.0 0.0 0.0 0.0 1.6653345369377348e-16
0.0 -0.10980392156862732 0.0 0.0 0.0 0.2556862745097987 0.10980392156862732
0.0 -1.6653345369377348e-16 0.0 0.0 0.0 0.0 1.6653345369377348e-16
0.0 -0.10980392156862732 0.0 0.0 0.0 0.2556862745097987 0.10980392156862732
0.0 -2.3869795029440866e-15 0.0 0.0 0.0 1.7763568394002505e-14 2.3869795029440866e-15
0.0 -0.10980392156862288 0.0 0.0 0.0 0.25568627450978093 0.10980392156862288
0.0 -4.6074255521944e-15 0.0 0.0 0.0 1.7763568394002505e-14 4.6074255521944e-15
0.0 -0.10980392156862288 0.0 0.0 0.0 0.2556862745097987 0.10980392156862288
0.0 -4.6074255521944e-15 0.0 0.0 0.0 0.0 4.6074255521944e-15
0.0 -0.10980392156862288 0.0 0.0 0.0 0.2556862745097987 0.10980392156862288
0.0 -4.6074255521944e-15 0.0 0.0 0.0 0.0 4.6074255521944e-15
0.0 -0.10980392156862288 0.0 0.0 0.0 0.25568627450981646 0.10980392156862288
0.0 -4.6074255521944e-15 0.0 0.0 0.0 -1.7763568394002505e-14 4.6074255521944e-15
0.0 -0.10980392156862288 0.0 0.0 0.0 0.25568627450981646 0.10980392156862288
0.0 -4.6074255521944e-15 0.0 0.0 0.0 0.0 4.6074255521944e-15
0.0 -0.10980392156862288 0.0 0.0 0.0 0.2556862745097987 0.10980392156862288
0.0 -4.6074255521944e-15 0.0 0.0 0.0 0.0 4.6074255521944e-15
0.0 -0.10980392156862288 0.0 0.0 0.0 0.2556862745097987 0.10980392156862288
0.0 -4.6074255521944e-15 0.0 0.0 0.0 1.7763568394002505e-14 4.6074255521944e-15
0.0 -0.10980392156862288 0.0 0.0 0.0 0.25568627450978093 0.10980392156862288
0.0 -2.3869795029440866e-15 0.0 0.0 0.0 1.7763568394002505e-14 2.3869795029440866e-15
0.0 -0.10980392156862732 0.0 0.0 0.0 0.2556862745097987 0.10980392156862732
0.0 -1.6653345369377348e-16 0.0 0.0 0.0 0.0 1.6653345369377348e-16
0.0 -0.10980392156862732 0.0 0.0 0.0 0.2556862745097987 0.10980392156862732
0.0 -1.6653345369377348e-16 0.0 0.0 0.0 0.0 1.6653345369377348e-16
0.0 -0.1098039215686251 0.0 0.0 0.0 0.25568627450981646 0.1098039215686251
0.0 -2.3869795029440866e-15 0.0 0.0 0.0 -1.7763568394002505e-14 2.3869795029440866e-15
0.0 -0.10980392156862732 0.0 0.0 0.0 0.2556862745098342 0.10980392156862732
0.0 -1.6653345369377348e-16 0.0 0.0 0.0 -3.552713678800501e-14 1.6653345369377348e-16
0.0 -0.1098039215686251 0.0 0.0 0.0 0.2556862745098342 0.1098039215686251
0.0 -2.3869795029440866e-15 0.0 0.0 0.0 -3.552713678800501e-14 2.3869795029440866e-15
0.0 -0.1098039215686251 0.0 0.0 0.0 0.2556862745098342 0.1098039215686251
0.0 -4.6074255521944e-15 0.0 0.0 0.0 -3.552713678800501e-14 4.6074255521944e-15
0.0 -0.10980392156862288 0.0 0.0 0.0 0.255686274509852 0.10980392156862288
0.0 -2.3869795029440866e-15 0.0 0.0 0.0 -5.3290705182007514e-14 2.3869795029440866e-15
0.0 -0.1098039215686251 0.0 0.0 0.0 0.25568627450986975 0.1098039215686251
0.0 -2.3869795029440866e-15 0.0 0.0 0.0 -7.105427357601002e-14 2.3869795029440866e-15
0.0 -0.1098039215686251 0.0 0.0 0.0 0.25568627450986975 0.1098039215686251
0.0 -4.6074255521944e-15 0.0 0.0 0.0 -7.105427357601002e-14 4.6074255521944e-15
0.0 -0.10980392156862066 0.0 0.0 0.0 0.2556862745098875 0.10980392156862066
0.0 -6.827871601444713e-15 0.0 0.0 0.0 -8.881784197001252e-14 6.827871601444713e-15
0.0 -0.10980392156862066 0.0 0.0 0.0 0.2556862745099053 0.10980392156862066
0.0 -6.827871601444713e-15 0.0 0.0 0.0 -1.0658141036401503e-13 6.827871601444713e-15
0.0 -0.10980392156862066 0.0 0.0 0.0 0.2556862745099053 0.10980392156862066
0.0 -6.827871601444713e-15 0.0 0.0 0.0 -1.0658141036401503e-13 6.827871601444713e-15
0.0 -0.10980392156862066 0.0 0.0 0.0 0.2556862745099053 0.10980392156862066
0.0 -6.827871601444713e-15 0.0 0.0 0.0 -1.0658141036401503e-13 6.827871601444713e-15
0.0 -0.10980392156862066 0.0 0.0 0.0 0.25568627450992304 0.10980392156862066
0.0 -4.6074255521944e-15 0.0 0.0 0.0 -1.2434497875801753e-13 4.6074255521944e-15
0.0 -0.1098039215686251 0.0 0.0 0.0 0.2556862745099408 0.1098039215686251
0.0 -1.6653345369377348e-16 0.0 0.0 0.0 -1.4210854715202004e-13 1.6653345369377348e-16
0.0 -0.10980392156862955 0.0 0.0 0.0 0.2556862745099408 0.10980392156862955
0.0 -1.6653345369377348e-16 0.0 0.0 0.0 -1.4210854715202004e-13 1.6653345369377348e-16
0.0 -0.1098039215686251 0.0 0.0 0.0 0.25568627450995857 0.1098039215686251
0.0 -4.6074255521944e-15 0.0 0.0 0.0 -1.5987211554602254e-13 4.6074255521944e-15
0.0 -0.10980392156862066 0.0 0.0 0.0 0.25568627450997633 0.10980392156862066
0.0 -4.6074255521944e-15 0.0 0.0 0.0 -1.7763568394002505e-13 4.6074255521944e-15
0.0 -0.1098039215686251 0.0 0.0 0.0 0.25568627450997633 0.1098039215686251
0.0 -1.6653345369377348e-16 0.0 0.0 0.0 -1.7763568394002505e-13 1.6653345369377348e-16
0.0 -0.10980392156862955 0.0 0.0 0.0 0.25568627450997633 0.10980392156862955
0.0 4.274358644806853e-15 0.0 0.0 0.0 -1.7763568394002505e-13 -4.274358644806853e-15
0.0 -0.10980392156862955 0.0 0.0 0.0 0.2556862745099941 0.10980392156862955
0.0 -1.6653345369377348e-16 0.0 0.0 0.0 -1.9539925233402755e-13 1.6653345369377348e-16
0.0 -0.1098039215686251 0.0 0.0 0.0 0.25568627451001186 0.1098039215686251
0.0 -9.048317650695026e-15 0.0 0.0 0.0 -2.1316282072803006e-13 9.048317650695026e-15
0.0 -0.10980392156861622 0.0 0.0 0.0 0.25568627451001186 0.10980392156861622
0.0 -9.048317650695026e-15 0.0 0.0 0.0 -2.1316282072803006e-13 9.048317650695026e-15
0.0 -0.10980392156862066 0.0 0.0 0.0 0.2556862745100296 0.10980392156862066
0.0 -4.6074255521944e-15 0.0 0.0 0.0 -2.3092638912203256e-13 4.6074255521944e-15
0.0 -0.1098039215686251 0.0 0.0 0.0 0.2556862745100474 0.1098039215686251
0.0 -1.6653345369377348e-16 0.0 0.0 0.0 -2.4868995751603507e-13 1.6653345369377348e-16
0.0 -0.1098039215686251 0.0 0.0 0.0 0.2556862745100474 0.1098039215686251
0.0 -4.6074255521944e-15 0.0 0.0 0.0 -2.4868995751603507e-13 4.6074255521944e-15
0.0 -0.10980392156862066 0.0 0.0 0.0 0.2556862745100474 0.10980392156862066
0.0 -9.048317650695026e-15 0.0 0.0 0.0 -2.4868995751603507e-13 9.048317650695026e-15
0.0 -0.10980392156862066 0.0 0.0 0.0 0.25568627451006515 0.10980392156862066
0.0 -4.6074255521944e-15 0.0 0.0 0.0 -2.4868995751603507e-13 4.6074255521944e-15
0.0 -0.1098039215686251 0.0 0.0 0.0 0.2556862745100474 0.1098039215686251
0.0 -1.6653345369377348e-16 0.0 0.0 0.0 -2.4868995751603507e-13 1.6653345369377348e-16
0.0 -0.10980392156862955 0.0 0.0 0.0 0.2556862745100474 0.10980392156862955
0.0 4.274358644806853e-15 0.0 0.0 0.0 -2.4868995751603507e-13 -4.274358644806853e-15
0.0 -0.10980392156862955 0.0 0.0 0.0 0.25568627451006515 0.10980392156862955
0.0 -1.6653345369377348e-16 0.0 0.0 0.0 -2.6645352591003757e-13 1.6653345369377348e-16
0.0 -0.1098039215686251 0.0 0.0 0.0 0.2556862745100829 0.1098039215686251
0.0 -4.6074255521944e-15 0.0 0.0 0.0 -2.8421709430404007e-13 4.6074255521944e-15
0.0 -0.10980392156862066 0.0 0.0 0.0 0.2556862745100829 0.10980392156862066
0.0 -4.6074255521944e-15 0.0 0.0 0.0 -2.8421709430404007e-13 4.6074255521944e-15
0.0 -0.10980392156862955 0.0 0.0 0.0 0.2556862745100829 0.10980392156862955
0.0 4.274358644806853e-15 0.0 0.0 0.0 -2.4868995751603507e-13 -4.274358644806853e-15
0.0 -0.10980392156863399 0.0 0.0 0.0 0.2556862745100474 0.10980392156863399
0.0 8.715250743307479e-15 0.0 0.0 0.0 -2.4868995751603507e-13 -8.715250743307479e-15
0.0 -0.10980392156863399 0.0 0.0 0.0 0.2556862745100474 0.10980392156863399
0.0 4.274358644806853e-15 0.0 0.0 0.0 -2.4868995751603507e-13 -4.274358644806853e-15
0.0 -0.10980392156862955 0.0 0.0 0.0 0.2556862745100474 0.10980392156862955
0.0 -1.6653345369377348e-16 0.0 0.0 0.0 -2.3092638912203256e-13 1.6653345369377348e-16
0.0 -0.1098039215686251 0.0 0.0 0.0 0.2556862745100296 0.1098039215686251
0.0 -1.6653345369377348e-16 0.0 0.0 0.0 -2.1316282072803006e-13 1.6653345369377348e-16
0.0 -0.10980392156862955 0.0 0.0 0.0 0.25568627451001186 0.10980392156862955
0.0 -1.6653345369377348e-16 0.0 0.0 0.0 -2.1316282072803006e-13 1.6653345369377348e-16
0.0 -0.10980392156862955 0.0 0.0 0.0 0.25568627451001186 0.10980392156862955
0.0 4.274358644806853e-15 0.0 0.0 0.0 -2.1316282072803006e-13 -4.274358644806853e-15
0.0 -0.10980392156862955 0.0 0.0 0.0 0.2556862745100296 0.10980392156862955
0.0 -1.6653345369377348e-16 0.0 0.0 0.0 -2.1316282072803006e-13 1.6653345369377348e-16
0.0 -0.1098039215686251 0.0 0.0 0.0 0.25568627451001186 0.1098039215686251
0.0 -4.6074255521944e-15 0.0 0.0 0.0 -2.1316282072803006e-13 4.6074255521944e-15
0.0 -0.10980392156862066 0.0 0.0 0.0 0.25568627451001186 0.10980392156862066
0.0 -4.6074255521944e-15 0.0 0.0 0.0 -2.1316282072803006e-13 4.6074255521944e-15
0.0 -0.1098039215686251 0.0 0.0 0.0 0.25568627451001186 0.1098039215686251
0.0 -1.6653345369377348e-16 0.0 0.0 0.0 -1.9539925233402755e-13 1.6653345369377348e-16
0.0 -0.10980392156863399 0.0 0.0 0.0 0.2556862745099941 0.10980392156863399
0.0 8.715250743307479e-15 0.0 0.0 0.0 -1.7763568394002505e-13 -8.715250743307479e-15
0.0 -0.10980392156863399 0.0 0.0 0.0 0.25568627450997633 0.10980392156863399
0.0 4.274358644806853e-15 0.0 0.0 0.0 -1.7763568394002505e-13 -4.274358644806853e-15
0.0 -0.10980392156862955 0.0 0.0 0.0 0.25568627450997633 0.10980392156862955
0.0 -1.6653345369377348e-16 0.0 0.0 0.0 -1.5987211554602254e-13 1.6653345369377348e-16
0.0 -0.1098039215686251 0.0 0.0 0.0 0.25568627450995857 0.1098039215686251
0.0 -1.6653345369377348e-16 0.0 0.0 0.0 -1.4210854715202004e-13 1.6653345369377348e-16
0.0 -0.10980392156862955 0.0 0.0 0.0 0.2556862745099408 0.10980392156862955
0.0 4.274358644806853e-15 0.0 0.0 0.0 -1.4210854715202004e-13 -4.274358644806853e-15
0.0 -0.10980392156863399 0.0 0.0 0.0 0.2556862745099408 0.10980392156863399
