[  22.9096063    29.14019652 3729.94515394    0.        ]
[  19.82444403   28.98167423 3709.65430167    0.        ]
[  19.06736322   29.76309516 3809.67618091    0.        ]
[  19.771949     29.20248902 3737.91859436    0.        ]
[  19.17743186   28.17090205 3605.87546229    0.        ]
[  17.46718614   29.15352168 3731.65077449    0.        ]
[  17.39260094   28.79609604 3685.90029374    0.        ]
[  17.19856948   29.09907507 3724.68160833    0.        ]
[  16.74922446   29.02310779 3714.95779695    0.        ]
[  17.65835977   29.2009569  3737.72248279    0.        ]
[  17.99645258   29.2713171  3746.72858905    0.        ]
[  17.79675864   29.6159384  3790.84011576    0.        ]
[  16.96919194   29.31790663 3752.69204878    0.        ]
[  16.85473457   29.82198394 3817.21394449    0.        ]
[  17.68384399   29.61351154 3790.52947705    0.        ]
[  17.11020944   29.8757674  3824.09822723    0.        ]
[  17.64609723   30.18768176 3864.02326519    0.        ]
[  17.42939878   29.30467068 3750.99784669    0.        ]
[  17.08287883   29.97047293 3836.2205344     0.        ]
[  17.10189178   30.04622533 3845.91684198    0.        ]
[  17.29328419   30.05335303 3846.82918753    0.        ]
[  17.5657085   30.313888  3880.1776646    0.       ]
[  17.59638476   30.79374734 3941.59965925    0.        ]
[  17.80930178   30.69277989 3928.67582571    0.        ]
[  17.48018695   30.95172064 3961.82024128    0.        ]
[  17.7507069    31.19706438 3993.22424035    0.        ]
[  17.66731136   31.20553971 3994.30908279    0.        ]
[  17.9985102    30.66097379 3924.6046457     0.        ]
[  17.83445731   30.37892527 3888.5024348     0.        ]
[  18.05764563   30.92119492 3957.91294979    0.        ]
[  18.17008705   31.14886598 3987.05484599    0.        ]
[  17.3618628    31.07395275 3977.46595146    0.        ]
[  17.24958677   30.58429567 3914.78984562    0.        ]
[  17.9510832    30.74041833 3934.77354637    0.        ]
[  17.83240201   30.37512439 3888.0159214     0.        ]
[  17.39444936   30.32904957 3882.11834472    0.        ]
[  17.04421717   29.76381766 3809.76866039    0.        ]
[  16.90556559   29.87787015 3824.36737856    0.        ]
[  17.4750192    30.65162674 3923.40822313    0.        ]
[  16.81380503   31.01673606 3970.14221604    0.        ]
[  16.6100987    31.15002546 3987.20325916    0.        ]
[  16.79804906   30.87511797 3952.01510074    0.        ]
[  16.40105816   30.66815617 3925.5239893     0.        ]
[  16.54119889   30.85363953 3949.26586028    0.        ]
[  16.21472825   31.04701964 3974.01851415    0.        ]
[  16.8689519    30.92924521 3958.94338747    0.        ]
[  16.46795597   30.88269688 3952.98520026    0.        ]
[  16.23994905   30.29318295 3877.52741812    0.        ]
[  15.9820384    30.7912366  3941.27828513    0.        ]
[  15.92464176   30.87474234 3951.96701997    0.        ]
[  16.26513532   30.69088178 3928.43286809    0.        ]
[  15.60598503   30.65278729 3923.55677357    0.        ]
[  15.69920614   30.69446846 3928.89196343    0.        ]
[  15.84800193   30.94289143 3960.69010318    0.        ]
[  16.50305182   31.04785494 3974.12543213    0.        ]
[  17.09102061   30.98446686 3966.01175839    0.        ]
[  17.28698613   31.1435273  3986.37149442    0.        ]
[  16.73011748   31.1065754  3981.64165119    0.        ]
[  17.44656487   31.43330208 4023.46266675    0.        ]
[  17.86166877   31.40460395 4019.78930544    0.        ]
[  17.72194874   31.76630464 4066.08699381    0.        ]
[  16.82318494   31.87932154 4080.55315659    0.        ]
[  16.54312343   32.01267422 4097.62230012    0.        ]
[  16.4962092    32.23289628 4125.81072369    0.        ]
[  16.66027513   32.37295804 4143.73862921    0.        ]
[  16.15395323   32.27855383 4131.65488992    0.        ]
[  16.09886801   32.34523602 4140.19021099    0.        ]
[  15.40480831   32.35886555 4141.93479007    0.        ]
[  15.55549943   32.38807739 4145.67390632    0.        ]
[  15.44365299   32.00102618 4096.13135064    0.        ]
[  15.87255548   31.61002692 4046.0834454     0.        ]
[  16.12545326   31.5521591  4038.6763651     0.        ]
[  16.19524954   31.66822348 4053.53260535    0.        ]
[  15.83998908   32.38353952 4145.09305851    0.        ]
[  15.96731806   32.16537142 4117.16754186    0.        ]
[  16.49185016   32.28877879 4132.96368569    0.        ]
[  16.47450888   32.40912329 4148.36778122    0.        ]
[  16.70023615   32.66186398 4180.71858936    0.        ]
[  16.69468049   33.07271409 4233.30740383    0.        ]
[  16.40106262   32.97439952 4220.72313853    0.        ]
[  16.41228741   33.18726824 4247.97033472    0.        ]
[  16.9272264    33.12485294 4239.98117634    0.        ]
[  16.43374336   33.01901921 4226.4344594     0.        ]
[  16.29580319   33.13359977 4241.10077103    0.        ]
[  15.71901955   33.13915271 4241.81154696    0.        ]
[  15.72292384   33.12400673 4239.87286085    0.        ]
[  16.29616414   33.3795715  4272.58515224    0.        ]
[  15.75200361   33.55272678 4294.74902838    0.        ]
[  15.5603531    33.49263285 4287.05700469    0.        ]
[  15.33892452   33.30832208 4263.46522677    0.        ]
[  15.68742552   33.37812606 4272.40013616    0.        ]
[  15.37072109   33.21152981 4251.07581589    0.        ]
[  14.65907617   33.13436198 4241.19833331    0.        ]
[  15.0319032    33.44404575 4280.83785588    0.        ]
[  15.32396823   33.31625297 4264.4803801     0.        ]
[  15.02249058   33.2828714  4260.20753961    0.        ]
[  15.10887165   33.29749661 4262.07956606    0.        ]
[  15.29761789   33.71143024 4315.06307053    0.        ]
[  15.37767908   34.11470766 4366.68258025    0.        ]
[  15.13200201   34.29058702 4389.19513867    0.        ]
[  14.81007903   34.46657982 4411.72221753    0.        ]
[  15.04215346   34.50470604 4416.60237295    0.        ]
[  15.2258354    34.4307893  4407.14103055    0.        ]
[  15.14631182   34.40960415 4404.42933136    0.        ]
[  15.08851825   34.40229498 4403.49375697    0.        ]
[  15.14085603   34.48588706 4414.19354377    0.        ]
[  15.05831952   34.44288947 4408.68985193    0.        ]
[  14.75685781   34.31991728 4392.94941172    0.        ]
[  14.65147985   34.31866716 4392.78939665    0.        ]
[  14.48448771   34.30507931 4391.05015159    0.        ]
[  14.42495913   34.0976947  4364.50492175    0.        ]
[  14.57896804   34.12678312 4368.22823968    0.        ]
[  14.32353816   34.09518392 4364.18354152    0.        ]
[  14.39217045   34.40519148 4403.86450985    0.        ]
[  14.27213037   34.19576655 4377.05811817    0.        ]
[  14.39161159   34.24903741 4383.87678884    0.        ]
[  14.42010038   34.15393041 4371.70309195    0.        ]
[  14.23911898   34.40793712 4404.21595145    0.        ]
[  14.2494119    34.30760087 4391.37291158    0.        ]
[  14.49570537   34.33704253 4395.14144359    0.        ]
[  14.59203432   34.17541936 4374.45367828    0.        ]
[  14.63087026   34.31235199 4391.98105477    0.        ]
[  14.77682411   34.63295416 4433.018132      0.        ]
[  14.79442722   34.66611359 4437.26253957    0.        ]
[  14.96383912   34.81353865 4456.13294727    0.        ]
[  14.70238246   34.86241802 4462.38950627    0.        ]
[  14.73153184   34.91520837 4469.14667097    0.        ]
[  14.47219614   34.94415009 4472.8512119     0.        ]
[  14.21808622   34.98831666 4478.50453291    0.        ]
[  14.13738681   34.96153254 4475.07616569    0.        ]
[  14.3456954    35.00083811 4480.10727753    0.        ]
[  14.33408111   34.9823653  4477.74275886    0.        ]
[  14.44393164   35.01349337 4481.72715148    0.        ]
[  14.57480443   34.99635346 4479.53324306    0.        ]
[  14.80626733   35.10344469 4493.24092082    0.        ]
[  14.81583379   35.13131371 4496.8081555     0.        ]
[  14.85772567   35.25024758 4512.03169058    0.        ]
[  14.82517055   35.33442122 4522.80591626    0.        ]
[  14.98490857   35.21908436 4508.04279828    0.        ]
[  14.97270107   35.14487146 4498.54354657    0.        ]
[  14.91474973   35.10351881 4493.25040808    0.        ]
[  14.78415588   35.17233242 4502.05854947    0.        ]
[  14.7233708    35.17594047 4502.52038001    0.        ]
[  14.61279792   35.17931788 4502.95268911    0.        ]
[  14.71687417   35.2202183  4508.18794253    0.        ]
[  14.6347009    35.171216   4501.91564809    0.        ]
[  14.64068094   35.17619334 4502.55274692    0.        ]
[  14.46191274   35.08924999 4491.42399837    0.        ]
[  14.32043592   35.08515797 4490.90021965    0.        ]
[  14.21410724   35.20469547 4506.20102009    0.        ]
[  14.34197694   35.32573377 4521.693923      0.        ]
[  14.38538103   35.32468289 4521.55941011    0.        ]
[  14.55447869   35.44604878 4537.09424341    0.        ]
[  14.6855078    35.4666115  4539.72627263    0.        ]
[  14.66672918   35.28966391 4517.07698044    0.        ]
[  14.77861983   35.20576063 4506.33736064    0.        ]
[  14.66294801   35.12184169 4495.59573609    0.        ]
[  14.60038985   34.94312216 4472.71963692    0.        ]
[  14.46026985   34.96790157 4475.89140098    0.        ]
[  14.5458861    34.81975956 4456.92922387    0.        ]
[  14.44143959   34.52876008 4419.68128965    0.        ]
[  14.44280666   34.63602526 4433.41123297    0.        ]
[  14.6433002    34.69883591 4441.45099595    0.        ]
[  14.66708342   34.67867616 4438.87054872    0.        ]
[  14.61601643   34.65414129 4435.73008502    0.        ]
[  14.71123473   34.6514848  4435.39005389    0.        ]
[  14.77014552   34.68216228 4439.31677243    0.        ]
[  14.76342976   34.87801324 4464.38569491    0.        ]
[  14.81772216   34.92171368 4469.97935071    0.        ]
[  14.70670929   34.89883099 4467.05036656    0.        ]
[  14.67541497   34.88401896 4465.15442687    0.        ]
[  14.57142786   34.80397884 4454.90929092    0.        ]
[  14.70580688   34.82773691 4457.95032471    0.        ]
[  14.85665594   34.80008875 4454.41136005    0.        ]
[  14.75859968   34.77109615 4450.70030735    0.        ]
[  14.79618308   34.8494685  4460.73196804    0.        ]
[  14.65711111   34.80224844 4454.68780032    0.        ]
[  14.58005883   34.7614654  4449.4675706     0.        ]
[  14.49945701   34.69828973 4441.38108603    0.        ]
[  14.445509     34.65139034 4435.37796337    0.        ]
[  14.54325056   34.70157665 4441.80181138    0.        ]
[  14.48062406   34.5565483  4423.23818249    0.        ]
[  14.59976567   34.68655237 4439.8787035     0.        ]
[  14.66259988   34.77840356 4451.63565588    0.        ]
[  14.57382971   34.73092868 4445.55887113    0.        ]
[  14.63373054   34.71269669 4443.2251767     0.        ]
[  14.69554222   34.79769673 4454.10518175    0.        ]
[  14.82735883   34.76395188 4449.78584038    0.        ]
[  14.89338965   34.68349742 4439.48767028    0.        ]
[  14.92891798   34.72273455 4444.51002283    0.        ]
[  14.92440729   34.7756449  4451.28254737    0.        ]
[  14.89815865   34.78122918 4451.99733512    0.        ]
[  14.94034896   34.83934553 4459.43622743    0.        ]
[  14.992922     34.78853406 4452.93235915    0.        ]
[  15.06936707   34.80513768 4455.05762319    0.        ]
[  15.1718185    34.81614791 4456.46693311    0.        ]
[  15.0780242    34.70334638 4442.02833627    0.        ]
[  15.02838106   34.82735785 4457.90180537    0.        ]
[  15.01063209   34.86040301 4462.13158499    0.        ]
[  14.93347901   34.94297414 4472.70069009    0.        ]
[  14.95476327   34.9510264  4473.7313791     0.        ]
[  14.89274199   34.90554682 4467.90999326    0.        ]
[  14.80899595   34.84521529 4460.18755747    0.        ]
[  14.76093962   34.76785554 4450.28550933    0.        ]
[  14.73618711   34.74618818 4447.51208733    0.        ]
[  14.74173096   34.73208969 4445.70748076    0.        ]
[  14.79703547   34.64999988 4435.19998414    0.        ]
[  14.77059281   34.67459173 4438.34774085    0.        ]
[  14.71888354   34.62563811 4432.08167856    0.        ]
[  14.66458191   34.51289442 4417.65048518    0.        ]
[  14.60824765   34.58830126 4427.30256146    0.        ]
[  14.60343757   34.54455522 4421.70306808    0.        ]
[  14.61741094   34.50432993 4416.55423137    0.        ]
[  14.67129243   34.47070528 4412.25027588    0.        ]
[  14.71833227   34.43006212 4407.04795077    0.        ]
[  14.60571331   34.33407019 4394.76098423    0.        ]
[  14.57936753   34.34442432 4396.0863125     0.        ]
[  14.54282841   34.36942619 4399.28655222    0.        ]
[  14.67152156   34.38587832 4401.39242442    0.        ]
[  14.61459511   34.3855105  4401.34534425    0.        ]
[  14.59879068   34.34268973 4395.86428587    0.        ]
[  14.61335434   34.34534511 4396.20417462    0.        ]
[  14.5939043    34.36094038 4398.20036818    0.        ]
[  14.65791485   34.38534469 4401.32411977    0.        ]
[  14.65473761   34.35677869 4397.66767257    0.        ]
[  14.61569942   34.3313369  4394.41112325    0.        ]
[  14.58996965   34.35035285 4396.84516445    0.        ]
[  14.622757     34.39452303 4402.4989473     0.        ]
[  14.67437787   34.41989033 4405.7459622     0.        ]
[  14.68977829   34.39402942 4402.43576554    0.        ]
[  14.80683342   34.35705286 4397.70276587    0.        ]
[  14.83650145   34.32517044 4393.62181574    0.        ]
[  14.83635561   34.28352728 4388.29149173    0.        ]
[  14.8267907    34.26577412 4386.01908682    0.        ]
[  14.80116124   34.30387743 4390.89631077    0.        ]
[  14.65545626   34.32747053 4393.91622752    0.        ]
[  14.69701824   34.40977958 4404.45178613    0.        ]
[  14.56439486   34.3888408  4401.77162262    0.        ]
[  14.58853118   34.39014154 4401.93811662    0.        ]
[  14.67893444   34.31517579 4392.34250146    0.        ]
[  14.63673939   34.29067443 4389.20632667    0.        ]
[  14.66943698   34.33107211 4394.37722958    0.        ]
[  14.70117005   34.34342799 4395.95878328    0.        ]
[  14.60653386   34.36326995 4398.49855423    0.        ]
[  14.57533451   34.32670707 4393.81850495    0.        ]
[  14.60827125   34.37088895 4399.47378499    0.        ]
[  14.65925097   34.37249069 4399.67880823    0.        ]
[  14.68502456   34.36535668 4398.76565469    0.        ]
[  14.68402795   34.30149063 4390.59080044    0.        ]
[  14.69772848   34.30479214 4391.01339374    0.        ]
[  14.61277771   34.33647588 4395.06891323    0.        ]
[  14.62403369   34.29276085 4389.47338934    0.        ]
[  14.58051933   34.26153196 4385.47609046    0.        ]
[  14.60631812   34.26657142 4386.12114173    0.        ]
[  14.63614367   34.24527328 4383.39498031    0.        ]
[  14.71501986   34.28411965 4388.36731571    0.        ]
[  14.69261057   34.25173009 4384.22145106    0.        ]
[  14.71446388   34.25860316 4385.10120417    0.        ]
[  14.68537672   34.20097452 4377.72473839    0.        ]
[  14.73229317   34.2303817  4381.4888581     0.        ]
[  14.78643606   34.19208059 4376.58631589    0.        ]
[  14.76241197   34.23886133 4382.5742507     0.        ]
[  14.76696461   34.25502099 4384.64268675    0.        ]
[  14.75269591   34.27813348 4387.6010854     0.        ]
[  14.77180256   34.26530331 4385.95882355    0.        ]
[  14.80532721   34.27649849 4387.39180636    0.        ]
[  14.79453669   34.28877615 4388.96334747    0.        ]
[  14.79153976   34.31232388 4391.97745666    0.        ]
[  14.79946064   34.32689148 4393.84210996    0.        ]
[  14.86331121   34.34196069 4395.77096896    0.        ]
[  14.85234284   34.35966031 4398.03652017    0.        ]
[  14.8220471    34.39614791 4402.70693283    0.        ]
[  14.86665478   34.39038414 4401.96916992    0.        ]
[  14.78340611   34.36967425 4399.3183041     0.        ]
[  14.73927429   34.36295095 4398.45772098    0.        ]
[  14.71049594   34.35447595 4397.37292204    0.        ]
[  14.66953312   34.33909914 4395.40469032    0.        ]
[  14.65363143   34.35528576 4397.47657742    0.        ]
[  14.692302     34.36365426 4398.54774588    0.        ]
[  14.65898892   34.36238701 4398.38553696    0.        ]
[  14.61411852   34.40441168 4403.76469464    0.        ]
[  14.576144     34.36840355 4399.15565503    0.        ]
[  14.55820037   34.38308451 4401.03481693    0.        ]
[  14.60969988   34.3979903  4402.9427578     0.        ]
[  14.67643571   34.36629474 4398.88572735    0.        ]
[  14.6705292    34.40711114 4404.11022561    0.        ]
[  14.69247968   34.41382155 4404.96915893    0.        ]
[  14.65336159   34.42374214 4406.23899455    0.        ]
[  14.65978291   34.45501022 4410.24130789    0.        ]
[  14.70287837   34.42950703 4406.9768995     0.        ]
[  14.71489883   34.40181285 4403.43204444    0.        ]
[  14.68834623   34.39526764 4402.59425808    0.        ]
[  14.70597893   34.39285981 4402.28605588    0.        ]
[  14.71986034   34.42659968 4406.60475947    0.        ]
[  14.6444802    34.38908049 4401.80230282    0.        ]
[  14.61182371   34.37495107 4399.99373702    0.        ]
[  14.59169842   34.39384579 4402.41226093    0.        ]
[  14.59817092   34.38230019 4400.93442432    0.        ]
[  14.57488602   34.37205431 4399.62295221    0.        ]
[  14.61096769   34.35535689 4397.48568227    0.        ]
[  14.54665616   34.33019955 4394.26554254    0.        ]