[  22.9096063    29.14019652 3729.94515394    0.        ]
[  26.5871485    29.91376072 3828.96137219    0.        ]
[  27.82370463   29.10969859 3726.04141953    0.        ]
[  27.96333303   29.06257654 3720.0097965     0.        ]
[  30.58650795   28.72837482 3677.2319773     0.        ]
[  30.88296702   28.93043827 3703.09609828    0.        ]
[  28.99181916   29.62330627 3791.7832027     0.        ]
[  28.85655681   29.99297582 3839.10090551    0.        ]
[  28.30167005   30.87103781 3951.49283921    0.        ]
[  29.3905046    31.57457048 4041.54502125    0.        ]
[  29.93424089   31.02722224 3971.48444662    0.        ]
[  29.87442662   30.99939458 3967.9225058     0.        ]
[  31.25970067   30.69987861 3929.58446153    0.        ]
[  32.00065512   30.9778126  3965.16001316    0.        ]
[  32.87292771   31.07397471 3977.46876289    0.        ]
[  32.22525651   30.63439021 3921.20194706    0.        ]
[  31.93090371   30.63439368 3921.20239105    0.        ]
[  32.08161502   30.33955546 3883.46309921    0.        ]
[  31.35351994   30.73445596 3934.01036308    0.        ]
[  30.94865709   31.22648777 3996.99043428    0.        ]
[  30.86676883   31.70809361 4058.63598144    0.        ]
[  31.44676289   31.90568171 4083.92725858    0.        ]
[  32.15909434   32.10560596 4109.51756311    0.        ]
[  31.78088608   31.98397244 4093.94847242    0.        ]
[  31.94466647   32.29466399 4133.71699084    0.        ]
[  31.82613556   33.01191673 4225.52534187    0.        ]
[  31.57191022   32.76945968 4194.49083855    0.        ]
[  31.7953842    32.77230829 4194.85546096    0.        ]
[  32.23436169   31.80387649 4070.89619101    0.        ]
[  32.68426386   31.68076318 4055.13768706    0.        ]
[  33.23095641   31.62132952 4047.53017842    0.        ]
[  33.04878638   31.39236421 4018.22261912    0.        ]
[  33.30140845   31.19186514 3992.55873785    0.        ]
[  32.86280051   30.91877023 3957.60259       0.        ]
[  32.83223587   30.93226583 3959.33002613    0.        ]
[  33.10584028   30.27802255 3875.58688607    0.        ]
[  34.17128405   29.85416417 3821.33301439    0.        ]
[  34.36615279   29.47858247 3773.25855572    0.        ]
[  33.98816194   29.27009759 3746.57249115    0.        ]
[  33.57963262   29.15756862 3732.1687828     0.        ]
[  35.10478516   28.36970865 3631.3227078     0.        ]
[  35.06820513   28.32492809 3625.59079522    0.        ]
[  35.12069442   27.90073484 3571.29405929    0.        ]
[  34.98372935   28.2691587  3618.45231418    0.        ]
[  35.04151237   27.84008809 3563.53127557    0.        ]
[  35.95863685   27.53348193 3524.28568656    0.        ]
[  36.88196456   27.38369903 3505.11347542    0.        ]
[  36.98185077   26.98958415 3454.66677113    0.        ]
[  36.80450903   27.18023144 3479.06962414    0.        ]
[  36.72495959   27.11390324 3470.57961508    0.        ]
[  36.6775451    27.08432647 3466.79378813    0.        ]
[  36.77916052   26.84103142 3435.65202225    0.        ]
[  37.09934913   26.86676828 3438.94634041    0.        ]
[  37.16580576   26.59077136 3403.61873375    0.        ]
[  36.85000245   26.17703276 3350.66019317    0.        ]
[  36.698613     26.49145252 3390.90592257    0.        ]
[  36.98842141   26.35728786 3373.73284554    0.        ]
[  36.3497371    26.55477271 3399.01090653    0.        ]
[  36.03103423   26.80056311 3430.47207777    0.        ]
[  35.62506148   26.85376273 3437.28162928    0.        ]
[  34.95608031   26.67968419 3414.99957694    0.        ]
[  34.59713331   26.10368591 3341.27179705    0.        ]
[  35.61375621   25.92910177 3318.92502717    0.        ]
[  35.68574639   26.46270268 3387.22594312    0.        ]
[  35.40605248   26.39934838 3379.11659284    0.        ]
[  35.10695399   26.4607899  3386.98110752    0.        ]
[  35.37907181   26.47590857 3388.91629757    0.        ]
[  35.65144095   26.85172679 3437.0210286     0.        ]
[  36.08328059   26.90193567 3443.44776547    0.        ]
[  36.08547246   27.18823578 3480.09418011    0.        ]
[  37.3197032    27.01255421 3457.60693844    0.        ]
[  36.75790391   27.02159763 3458.76449645    0.        ]
[  36.93459806   27.05418222 3462.93532362    0.        ]
[  37.14233014   26.68473675 3415.64630413    0.        ]
[  37.74258526   26.59733732 3404.45917648    0.        ]
[  37.8287308    26.31543116 3368.37518792    0.        ]
[  38.1172982    25.97748263 3325.11777686    0.        ]
[  37.36857601   26.40443862 3379.76814272    0.        ]
[  37.36150666   26.38080534 3376.74308366    0.        ]
[  37.93587444   26.11398216 3342.58971651    0.        ]
[  38.22410664   26.42596478 3382.52349121    0.        ]
[  37.97442983   26.59218679 3403.79990852    0.        ]
[  38.04513289   26.79589752 3429.87488296    0.        ]
[  37.60421117   26.51167149 3393.49395084    0.        ]
[  37.64430193   26.82339975 3433.3951686     0.        ]
[  37.87108261   27.04608819 3461.89928804    0.        ]
[  37.68189232   26.92162855 3445.96845382    0.        ]
[  37.60329805   26.94044022 3448.376348      0.        ]
[  37.53564739   27.14436427 3474.47862645    0.        ]
[  37.41816502   26.9623423  3451.17981472    0.        ]
[  36.70698663   26.93354061 3447.49319845    0.        ]
[  37.321978     27.24351068 3487.16936698    0.        ]
[  37.07610677   27.42827019 3510.81858474    0.        ]
[  37.27678096   27.57057659 3529.03380346    0.        ]
[  37.35355367   27.01246599 3457.59564662    0.        ]
[  36.88029344   26.92280161 3446.1186062     0.        ]
[  36.4585442    26.88122497 3440.7967956     0.        ]
[  35.57994613   26.84935994 3436.71807194    0.        ]
[  36.22476277   26.83654429 3435.07766936    0.        ]
[  35.75406623   26.74340535 3423.1558845     0.        ]
[  35.68442194   26.55916538 3399.57316906    0.        ]
[  35.76995451   26.55324306 3398.81511116    0.        ]
[  36.21026448   26.28977989 3365.09182571    0.        ]
[  36.34125615   26.56388808 3400.17767449    0.        ]
[  36.6749007    26.42118493 3381.9116714     0.        ]
[  37.00032481   26.33432887 3370.79409528    0.        ]
[  37.43325651   26.35434896 3373.35666731    0.        ]
[  37.66629301   26.01914268 3330.45026364    0.        ]
[  37.75202642   26.08847492 3339.32478964    0.        ]
[  37.7512665    25.93388393 3319.53714322    0.        ]
[  38.30158342   25.96650142 3323.71218212    0.        ]
[  38.49017099   25.9528855  3321.9693435     0.        ]
[  38.796956     25.90313227 3315.60093101    0.        ]
[  38.79365577   25.8983048  3314.98301411    0.        ]
[  39.11298924   26.08877913 3339.36372849    0.        ]
[  39.72318066   26.10376176 3341.28150468    0.        ]
[  39.80852691   25.95963891 3322.83378002    0.        ]
[  39.4827696    26.00002336 3328.00299041    0.        ]
[  39.42118035   25.8578438  3309.80400657    0.        ]
[  39.61095633   25.79732441 3302.05752453    0.        ]
[  39.64742301   25.83461844 3306.83116081    0.        ]
[  39.60819349   25.91316485 3316.88510078    0.        ]
[  39.29560798   26.07418234 3337.49533906    0.        ]
[  39.11953821   26.3151473  3368.33885497    0.        ]
[  39.30400187   26.24502087 3359.36267195    0.        ]
[  39.23727917   26.26702548 3362.17926172    0.        ]
[  39.29127952   26.17601532 3350.52996045    0.        ]
[  38.99782745   26.1724223  3350.07005483    0.        ]
[  39.29627226   25.81333208 3304.10650677    0.        ]
[  39.2364245    25.97334047 3324.58758006    0.        ]
[  39.49402947   26.04360589 3333.58155341    0.        ]
[  39.39931938   25.99384176 3327.21174485    0.        ]
[  39.28766911   25.88330671 3313.06325946    0.        ]
[  39.49765124   25.96959589 3324.10827455    0.        ]
[  39.36737704   25.99257437 3327.04951886    0.        ]
[  39.84901082   26.07817421 3338.00629937    0.        ]
[  40.11530918   26.10993865 3342.0721477     0.        ]
[  40.45119464   25.93842448 3320.11833348    0.        ]
[  40.59087636   25.8542084  3309.33867473    0.        ]
[  40.39998345   25.89351736 3314.37022169    0.        ]
[  40.45215416   25.93230033 3319.33444267    0.        ]
[  40.92218111   25.84178522 3307.74850812    0.        ]
[  40.79684424   25.61940256 3279.28352807    0.        ]
[  40.37703599   25.54769889 3270.1054582     0.        ]
[  40.64667803   25.52492758 3267.19072972    0.        ]
[  40.94199206   25.36324692 3246.49560545    0.        ]
[  40.68604566   25.30296339 3238.77931377    0.        ]
[  40.88201348   25.24348561 3231.16615757    0.        ]
[  40.47314739   25.38531116 3249.31982807    0.        ]
[  40.77889575   25.40026047 3251.23333983    0.        ]
[  40.78288488   25.42891658 3254.90132287    0.        ]
[  40.53889524   25.60150386 3276.99249469    0.        ]
[  40.67615716   25.71109674 3291.02038261    0.        ]
[  40.62591196   25.67410897 3286.28594798    0.        ]
[  40.93343298   25.68687496 3287.91999482    0.        ]
[  40.87270015   25.59454222 3276.1014045     0.        ]
[  41.02312389   25.51759635 3266.25233278    0.        ]
[  41.08437786   25.63866457 3281.74906551    0.        ]
[  41.07236438   25.61828842 3279.1409181     0.        ]
[  40.82392931   25.58461297 3274.83046019    0.        ]
[  40.82862004   25.55319365 3270.80878665    0.        ]
[  41.03515543   25.54386615 3269.61486661    0.        ]
[  40.98701529   25.65900095 3284.35212198    0.        ]
[  40.92380598   25.71270484 3291.2262201     0.        ]
[  41.27274166   25.66772999 3285.46943837    0.        ]
[  41.43259792   25.54727329 3270.05098166    0.        ]
[  41.51277399   25.63579004 3281.3811254     0.        ]
[  41.73033027   25.62031581 3279.40042428    0.        ]
[  41.64280601   25.68086257 3287.15040907    0.        ]
[  41.75391775   25.52966841 3267.7975564     0.        ]
[  41.73675893   25.5900058  3275.52074203    0.        ]
[  41.64072839   25.74857908 3295.81812268    0.        ]
[  41.99498813   25.59867009 3276.6297719     0.        ]
[  41.83865951   25.54769115 3270.10446689    0.        ]
[  41.65475758   25.63157591 3280.84171677    0.        ]
[  41.93094038   25.62290697 3279.73209186    0.        ]
[  41.85247894   25.62444307 3279.92871301    0.        ]
[  41.75466534   25.65379199 3283.68537457    0.        ]
[  41.89244079   25.62374782 3279.83972042    0.        ]
[  41.40778476   25.79126337 3301.28171075    0.        ]
[  41.43625087   25.93287019 3319.40738434    0.        ]
[  41.62135082   25.86503231 3310.72413558    0.        ]
[  41.6110109    25.79398007 3301.62944902    0.        ]
[  41.63828352   25.72562767 3292.88034125    0.        ]
[  41.61262372   25.88154697 3312.83801224    0.        ]
[  41.46847291   25.91472145 3317.08434513    0.        ]
[  41.50202434   26.0002325  3328.02976029    0.        ]
[  41.57401191   25.92696126 3318.65104164    0.        ]
[  41.47242235   25.9545849  3322.18686685    0.        ]
[  41.32211052   25.84114613 3307.66670442    0.        ]
[  41.12164222   25.86834891 3311.14866086    0.        ]
[  40.9752105    25.86043821 3310.13609055    0.        ]
[  40.72615933   25.86315685 3310.48407736    0.        ]
[  40.88553368   25.85826068 3309.857367      0.        ]
[  40.73947089   25.85049151 3308.86291377    0.        ]
[  40.6636395    25.90464435 3315.79447641    0.        ]
[  40.53130455   25.90000129 3315.20016474    0.        ]
[  40.76720853   25.98700623 3326.33679682    0.        ]
[  40.72805897   26.00171678 3328.2197473     0.        ]
[  40.80965572   26.02870495 3331.67423421    0.        ]
[  40.72410206   26.13576675 3345.3781436     0.        ]
[  40.45085415   26.18772997 3352.02943662    0.        ]
[  40.64805177   26.15096826 3347.3239371     0.        ]
[  40.66837638   26.19036926 3352.36726479    0.        ]
[  40.52662149   26.19697372 3353.21263626    0.        ]
[  40.57452063   26.23682341 3358.31339649    0.        ]
[  40.53663214   26.20689514 3354.48257799    0.        ]
[  40.35931185   26.26551986 3361.98654214    0.        ]
[  40.36591611   26.29380842 3365.60747821    0.        ]
[  40.27775128   26.25040611 3360.0519819     0.        ]
[  40.08202073   26.22544223 3356.85660514    0.        ]
[  40.14764954   26.1863447  3351.85212171    0.        ]
[  40.28064598   26.1116637  3342.29295411    0.        ]
[  39.93025471   26.10870331 3341.91402338    0.        ]
[  39.83332272   26.01440243 3329.84351135    0.        ]
[  39.76233377   26.00837137 3329.07153513    0.        ]
[  39.7425091    25.95910458 3322.76538655    0.        ]
[  39.82097684   26.0387456  3332.95943635    0.        ]
[  39.85539817   25.91930419 3317.67093664    0.        ]
[  39.73095648   25.87605707 3312.13530539    0.        ]
[  39.61399367   25.89373431 3314.39799108    0.        ]
[  39.70317736   25.86801925 3311.10646381    0.        ]
[  39.87854421   25.886082   3313.41849548    0.        ]
[  39.87166933   25.92167637 3317.97457496    0.        ]
[  40.00639536   25.87429449 3311.90969437    0.        ]
[  40.10627573   25.79846904 3302.20403746    0.        ]
[  40.23016855   25.6741626  3286.29281219    0.        ]
[  40.15821665   25.66465068 3285.07528768    0.        ]
[  40.20597309   25.60662872 3277.64847619    0.        ]
[  40.10473089   25.62569453 3280.08889985    0.        ]
[  40.25004893   25.6408097  3282.02364137    0.        ]
[  40.24911889   25.62160165 3279.56501076    0.        ]
[  40.352257     25.56841516 3272.75713995    0.        ]
[  40.29473229   25.57473936 3273.56663781    0.        ]
[  40.30580452   25.52860054 3267.66086868    0.        ]
[  40.34100204   25.5321319  3268.11288315    0.        ]
[  40.42116024   25.50320132 3264.40976957    0.        ]
[  40.50649935   25.50016118 3264.02063152    0.        ]
[  40.42132815   25.50077504 3264.09920511    0.        ]
[  40.42061239   25.48041095 3261.49260212    0.        ]
[  40.3523214    25.49625045 3263.5200577     0.        ]
[  40.46339465   25.5257394  3267.29464305    0.        ]
[  40.3629895    25.53713799 3268.75366242    0.        ]
[  40.26815867   25.53400345 3268.352442      0.        ]
[  40.13997899   25.53939439 3269.04248195    0.        ]
[  39.98660818   25.54884675 3270.25238374    0.        ]
[  40.01584367   25.52897803 3267.70918841    0.        ]
[  40.09375034   25.57487697 3273.5842521     0.        ]
[  39.95626877   25.59845813 3276.60264053    0.        ]
[  39.93385343   25.653399   3283.63507139    0.        ]
[  39.878077     25.63884276 3281.77187384    0.        ]
[  39.92841899   25.61016868 3278.10159165    0.        ]
[  39.83775235   25.68977071 3288.29065131    0.        ]
[  39.71497916   25.68581337 3287.784111      0.        ]
[  39.67984384   25.66395163 3284.98580911    0.        ]
[  39.81296881   25.58219583 3274.52106575    0.        ]
[  39.67398844   25.63484752 3281.26048229    0.        ]
[  39.5217933    25.58912963 3275.40859222    0.        ]
[  39.48170856   25.57259449 3273.29209421    0.        ]
[  39.63805834   25.48022387 3261.46865472    0.        ]
[  39.68826099   25.50646529 3264.82755746    0.        ]
[  39.61970016   25.49879109 3263.84525896    0.        ]
[  39.63603597   25.50585814 3264.74984137    0.        ]
[  39.55680415   25.48468834 3262.04010705    0.        ]
[  39.62784415   25.4735722  3260.61724121    0.        ]
[  39.57910741   25.49164519 3262.93058374    0.        ]
[  39.66604915   25.4444094  3256.88440325    0.        ]
[  39.58224651   25.42368554 3254.23174884    0.        ]
[  39.6450108    25.39111207 3250.06234552    0.        ]
[  39.60692182   25.36066639 3246.16529823    0.        ]
[  39.50651038   25.36488585 3246.70538922    0.        ]
[  39.41963036   25.37935519 3248.55746474    0.        ]
[  39.3790504    25.38458088 3249.2263527     0.        ]
[  39.39208043   25.31883408 3240.81076188    0.        ]
[  39.36629286   25.35637019 3245.61538466    0.        ]
[  39.36486307   25.37144802 3247.54534599    0.        ]
[  39.34832022   25.37651426 3248.19382524    0.        ]
[  39.32698672   25.39022399 3249.94867127    0.        ]
[  39.33341841   25.40206306 3251.46407132    0.        ]
[  39.27289037   25.35357987 3245.25822276    0.        ]
[  39.28154875   25.32815534 3242.00388338    0.        ]
[  39.24014608   25.32944258 3242.16865031    0.        ]
[  39.2260255    25.33095779 3242.36259659    0.        ]
[  39.25244844   25.35864347 3245.90636387    0.        ]
[  39.2579756    25.35630544 3245.60709576    0.        ]
[  39.27586703   25.37755784 3248.32740369    0.        ]
[  39.28968567   25.34965341 3244.75563594    0.        ]
[  39.24561606   25.36029581 3246.11786385    0.        ]
[  39.19477148   25.34491462 3244.14907195    0.        ]
[  39.17266866   25.35818801 3245.84806542    0.        ]
[  39.17388777   25.34242332 3243.83018436    0.        ]
[  39.19054908   25.33720668 3243.1624545     0.        ]
[  39.17058096   25.35306279 3245.19203681    0.        ]
[  39.13629345   25.3194011  3240.88334051    0.        ]
[  39.23189067   25.32308696 3241.35513055    0.        ]
[  39.18609285   25.30818167 3239.44725386    0.        ]
[  39.23651254   25.27673252 3235.42176219    0.        ]
[  39.31634476   25.27337927 3234.99254666    0.        ]
[  39.34960213   25.26477929 3233.89174863    0.        ]
[  39.3591433    25.25308195 3232.39448927    0.        ]
[  39.36079804   25.26521004 3233.94688509    0.        ]