[1.14098824e+01 9.07010077e-18 2.50018448e-02 0.00000000e+00]
[1.13332270e+01 1.83366956e-06 2.50028594e-02 0.00000000e+00]
[1.15400539e+01 2.52421469e-06 2.38907684e-02 0.00000000e+00]
[1.11531706e+01 1.63882657e-05 2.17561341e-02 0.00000000e+00]
[1.11029469e+01 2.54696375e-05 2.09250796e-02 0.00000000e+00]
[1.09737132e+01 1.80708030e-05 2.17257236e-02 0.00000000e+00]
[1.09641313e+01 2.49159910e-05 2.09663303e-02 0.00000000e+00]
[1.07545477e+01 2.86592834e-05 2.09425360e-02 0.00000000e+00]
[1.07203537e+01 4.28766115e-05 2.00921025e-02 0.00000000e+00]
[1.05085546e+01 7.14521082e-05 1.97843067e-02 0.00000000e+00]
[1.04185382e+01 6.32016893e-05 1.97409580e-02 0.00000000e+00]
[1.05203213e+01 6.77531189e-05 1.97690094e-02 0.00000000e+00]
[1.06424126e+01 6.10280719e-05 2.00954151e-02 0.00000000e+00]
[1.05937383e+01 7.18488976e-05 1.97650590e-02 0.00000000e+00]
[1.06650581e+01 6.65865139e-05 1.95070853e-02 0.00000000e+00]
[1.04264317e+01 7.91846741e-05 1.95948324e-02 0.00000000e+00]
[1.04797273e+01 1.08038771e-04 1.90591814e-02 0.00000000e+00]
[1.03240143e+01 1.14615718e-04 1.87889119e-02 0.00000000e+00]
[1.01878889e+01 1.09965908e-04 1.86058177e-02 0.00000000e+00]
[1.02703045e+01 1.18491029e-04 1.88713149e-02 0.00000000e+00]
[1.02706144e+01 1.00949444e-04 1.87052822e-02 0.00000000e+00]
[1.02134650e+01 1.45173647e-04 1.84260572e-02 0.00000000e+00]
[1.02583345e+01 1.49248301e-04 1.84989750e-02 0.00000000e+00]
[9.88700689e+00 1.78182494e-04 1.81551546e-02 0.00000000e+00]
[9.73651420e+00 1.75836393e-04 1.78853905e-02 0.00000000e+00]
[9.50084919e+00 1.85359586e-04 1.78589694e-02 0.00000000e+00]
[9.62642440e+00 2.00462152e-04 1.81021997e-02 0.00000000e+00]
[9.45388003e+00 1.81951869e-04 1.82048076e-02 0.00000000e+00]
[9.59819940e+00 1.48877914e-04 1.83353388e-02 0.00000000e+00]
[9.49072750e+00 1.20609082e-04 1.84057216e-02 0.00000000e+00]
[9.48746056e+00 1.43960189e-04 1.83318722e-02 0.00000000e+00]
[9.59109300e+00 1.32012871e-04 1.84939143e-02 0.00000000e+00]
[9.48201872e+00 1.50061742e-04 1.83164220e-02 0.00000000e+00]
[9.42348191e+00 1.20532889e-04 1.83860293e-02 0.00000000e+00]
[9.61759416e+00 1.22733268e-04 1.84544148e-02 0.00000000e+00]
[9.66852278e+00 9.05378437e-05 1.85580299e-02 0.00000000e+00]
[9.83330074e+00 8.34867023e-05 1.85990790e-02 0.00000000e+00]
[9.75923010e+00 7.31128297e-05 1.86068733e-02 0.00000000e+00]
[9.82845508e+00 7.17018003e-05 1.88452873e-02 0.00000000e+00]
[9.96135117e+00 6.37386627e-05 1.88581018e-02 0.00000000e+00]
[1.01769090e+01 8.33899146e-05 1.87892531e-02 0.00000000e+00]
[1.02608536e+01 7.00598840e-05 1.86238958e-02 0.00000000e+00]
[1.03725448e+01 7.28157490e-05 1.85940025e-02 0.00000000e+00]
[1.04158212e+01 6.66015915e-05 1.87416258e-02 0.00000000e+00]
[1.06797076e+01 5.28283829e-05 1.87157135e-02 0.00000000e+00]
[1.07753043e+01 5.99579409e-05 1.85042002e-02 0.00000000e+00]
[1.06528641e+01 5.02564888e-05 1.84958413e-02 0.00000000e+00]
[1.08638654e+01 5.16173421e-05 1.85425704e-02 0.00000000e+00]
[1.07193624e+01 5.73108094e-05 1.84657056e-02 0.00000000e+00]
[1.08182171e+01 4.61063514e-05 1.86668871e-02 0.00000000e+00]
[1.07096408e+01 6.00251697e-05 1.82329419e-02 0.00000000e+00]
[1.05400262e+01 5.23241880e-05 1.81177685e-02 0.00000000e+00]
[1.06923903e+01 6.87036131e-05 1.78135520e-02 0.00000000e+00]
[1.07191692e+01 6.98971806e-05 1.78281875e-02 0.00000000e+00]
[1.09381408e+01 5.58676100e-05 1.81635199e-02 0.00000000e+00]
[1.10347988e+01 6.16144428e-05 1.80439306e-02 0.00000000e+00]
[1.09047847e+01 6.11796313e-05 1.79523948e-02 0.00000000e+00]
[1.09646869e+01 4.71045112e-05 1.81319312e-02 0.00000000e+00]
[1.08521956e+01 5.99049829e-05 1.79776518e-02 0.00000000e+00]
[1.09320127e+01 5.84058314e-05 1.80728409e-02 0.00000000e+00]
[1.11576700e+01 5.60002030e-05 1.80727124e-02 0.00000000e+00]
[1.12545175e+01 6.89013182e-05 1.77032304e-02 0.00000000e+00]
[1.12595776e+01 5.36576651e-05 1.78486703e-02 0.00000000e+00]
[1.11773719e+01 6.25145688e-05 1.77140542e-02 0.00000000e+00]
[1.12604142e+01 6.71029500e-05 1.75302379e-02 0.00000000e+00]
[1.13465000e+01 8.52802054e-05 1.73557244e-02 0.00000000e+00]
[1.12554946e+01 9.47520935e-05 1.71853541e-02 0.00000000e+00]
[1.11248272e+01 1.04551421e-04 1.72401336e-02 0.00000000e+00]
[1.10813467e+01 9.17485664e-05 1.74175831e-02 0.00000000e+00]
[1.09928662e+01 9.80006956e-05 1.73770189e-02 0.00000000e+00]
[1.08480662e+01 8.77191272e-05 1.74865137e-02 0.00000000e+00]
[1.08805239e+01 8.98400109e-05 1.75549757e-02 0.00000000e+00]
[1.09614008e+01 9.31433482e-05 1.75779058e-02 0.00000000e+00]
[1.09974798e+01 1.05110564e-04 1.74172961e-02 0.00000000e+00]
[1.09693813e+01 1.17378811e-04 1.74441456e-02 0.00000000e+00]
[1.09656046e+01 1.32897915e-04 1.73245401e-02 0.00000000e+00]
[1.09180135e+01 1.15022095e-04 1.74132844e-02 0.00000000e+00]
[1.08913097e+01 1.09411507e-04 1.73993170e-02 0.00000000e+00]
[1.08267032e+01 1.11897200e-04 1.73946410e-02 0.00000000e+00]
[1.08677485e+01 1.06912304e-04 1.73460284e-02 0.00000000e+00]
[1.07279555e+01 1.19123793e-04 1.72588013e-02 0.00000000e+00]
[1.07079977e+01 1.58325765e-04 1.71474311e-02 0.00000000e+00]
[1.06024396e+01 1.63351510e-04 1.71194137e-02 0.00000000e+00]
[1.05158028e+01 1.69246488e-04 1.70921797e-02 0.00000000e+00]
[1.04697220e+01 1.64721184e-04 1.71592422e-02 0.00000000e+00]
[1.05135264e+01 1.81995435e-04 1.70842834e-02 0.00000000e+00]
[1.04609357e+01 1.76281835e-04 1.71459997e-02 0.00000000e+00]
[1.04788428e+01 1.78674973e-04 1.71594972e-02 0.00000000e+00]
[1.05787634e+01 1.80510036e-04 1.71266502e-02 0.00000000e+00]
[1.05967934e+01 1.65736116e-04 1.71621618e-02 0.00000000e+00]
[1.06890252e+01 1.57207560e-04 1.72409104e-02 0.00000000e+00]
[1.06448486e+01 1.54381308e-04 1.72068280e-02 0.00000000e+00]
[1.07018365e+01 1.39919874e-04 1.72670957e-02 0.00000000e+00]
[1.07203769e+01 1.31200394e-04 1.72583840e-02 0.00000000e+00]
[1.07745847e+01 1.35118651e-04 1.73096291e-02 0.00000000e+00]
[1.07665380e+01 1.42164381e-04 1.73217849e-02 0.00000000e+00]
[1.08144920e+01 1.40797370e-04 1.72869524e-02 0.00000000e+00]
[1.08394585e+01 1.40847386e-04 1.73658205e-02 0.00000000e+00]
[1.08700005e+01 1.50975816e-04 1.73543778e-02 0.00000000e+00]
[1.08994309e+01 1.54539521e-04 1.73114495e-02 0.00000000e+00]
[1.08172528e+01 1.58643483e-04 1.73259659e-02 0.00000000e+00]
[1.07671194e+01 1.53202610e-04 1.73434595e-02 0.00000000e+00]
[1.07252197e+01 1.52345498e-04 1.73262220e-02 0.00000000e+00]
[1.08126792e+01 1.30705854e-04 1.74501260e-02 0.00000000e+00]
[1.08988961e+01 1.23940640e-04 1.74247905e-02 0.00000000e+00]
[1.08701760e+01 1.19188892e-04 1.74859042e-02 0.00000000e+00]
[1.08518353e+01 1.25350929e-04 1.75446789e-02 0.00000000e+00]
[1.08969573e+01 1.31150576e-04 1.75087085e-02 0.00000000e+00]
[1.08907722e+01 1.28160048e-04 1.76158210e-02 0.00000000e+00]
[1.08886442e+01 1.36421171e-04 1.75367513e-02 0.00000000e+00]
[1.08731045e+01 1.32538561e-04 1.75255568e-02 0.00000000e+00]
[1.09245803e+01 1.25589401e-04 1.75689298e-02 0.00000000e+00]
[1.08764075e+01 1.29727336e-04 1.75076007e-02 0.00000000e+00]
[1.08254522e+01 1.21463844e-04 1.75431746e-02 0.00000000e+00]
[1.07621245e+01 1.13810596e-04 1.75703287e-02 0.00000000e+00]
[1.08090227e+01 1.20673779e-04 1.74929294e-02 0.00000000e+00]
[1.08136466e+01 1.25859746e-04 1.74164576e-02 0.00000000e+00]
[1.06911620e+01 1.33382087e-04 1.74423419e-02 0.00000000e+00]
[1.07184927e+01 1.35478057e-04 1.74204157e-02 0.00000000e+00]
[1.06998016e+01 1.43987708e-04 1.74376430e-02 0.00000000e+00]
[1.07605670e+01 1.41564272e-04 1.74563798e-02 0.00000000e+00]
[1.06898144e+01 1.40125312e-04 1.74780287e-02 0.00000000e+00]
[1.07112877e+01 1.37808913e-04 1.75141981e-02 0.00000000e+00]
[1.06900206e+01 1.32242128e-04 1.75284088e-02 0.00000000e+00]
[1.07260477e+01 1.27217823e-04 1.75847074e-02 0.00000000e+00]
[1.07859840e+01 1.30940073e-04 1.75909166e-02 0.00000000e+00]
[1.07677779e+01 1.35510732e-04 1.75586370e-02 0.00000000e+00]
[1.07528396e+01 1.33823763e-04 1.76232664e-02 0.00000000e+00]
[1.07079451e+01 1.36279105e-04 1.75948570e-02 0.00000000e+00]
[1.07319596e+01 1.25024786e-04 1.77044276e-02 0.00000000e+00]
[1.07095266e+01 1.20285526e-04 1.77210682e-02 0.00000000e+00]
[1.06866656e+01 1.24156430e-04 1.76979181e-02 0.00000000e+00]
[1.06933163e+01 1.24832684e-04 1.76751702e-02 0.00000000e+00]
[1.07105441e+01 1.29262125e-04 1.76987769e-02 0.00000000e+00]
[1.07030763e+01 1.21541438e-04 1.77635147e-02 0.00000000e+00]
[1.06826076e+01 1.16440949e-04 1.77731125e-02 0.00000000e+00]
[1.07350504e+01 1.10544269e-04 1.78300542e-02 0.00000000e+00]
[1.07952332e+01 1.14382905e-04 1.78269083e-02 0.00000000e+00]
[1.08213227e+01 1.09672436e-04 1.78442713e-02 0.00000000e+00]
[1.08123058e+01 1.07037478e-04 1.78365017e-02 0.00000000e+00]
[1.08805835e+01 1.15429532e-04 1.77623816e-02 0.00000000e+00]
[1.08753086e+01 1.19468869e-04 1.77316710e-02 0.00000000e+00]
[1.08943687e+01 1.15766561e-04 1.77331783e-02 0.00000000e+00]
[1.08815633e+01 1.13598118e-04 1.77249768e-02 0.00000000e+00]
[1.08657412e+01 1.05205280e-04 1.78041667e-02 0.00000000e+00]
[1.08544112e+01 1.06947230e-04 1.77861781e-02 0.00000000e+00]
[1.08163736e+01 1.07222105e-04 1.77936681e-02 0.00000000e+00]
[1.08456314e+01 1.08572498e-04 1.77850023e-02 0.00000000e+00]
[1.08458069e+01 1.12894044e-04 1.78022253e-02 0.00000000e+00]
[1.08917178e+01 1.05064476e-04 1.78533711e-02 0.00000000e+00]
[1.08596627e+01 1.06015100e-04 1.78420693e-02 0.00000000e+00]
[1.08186959e+01 1.05355294e-04 1.78419201e-02 0.00000000e+00]
[1.07813348e+01 1.06752311e-04 1.78511446e-02 0.00000000e+00]
[1.06929102e+01 1.07016830e-04 1.78666237e-02 0.00000000e+00]
[1.07377959e+01 1.04981947e-04 1.79216641e-02 0.00000000e+00]
[1.07403924e+01 9.83266991e-05 1.79930793e-02 0.00000000e+00]
[1.07483080e+01 9.86911771e-05 1.79769828e-02 0.00000000e+00]
[1.07228233e+01 1.00837563e-04 1.79482028e-02 0.00000000e+00]
[1.06903864e+01 9.80757555e-05 1.79411364e-02 0.00000000e+00]
[1.06678878e+01 1.02070302e-04 1.79270547e-02 0.00000000e+00]
[1.06561064e+01 9.89971773e-05 1.79964136e-02 0.00000000e+00]
[1.06736596e+01 9.30823048e-05 1.80261972e-02 0.00000000e+00]
[1.06703083e+01 9.37107486e-05 1.80179772e-02 0.00000000e+00]
[1.06205355e+01 9.24684575e-05 1.80310138e-02 0.00000000e+00]
[1.06136694e+01 9.11380752e-05 1.80254188e-02 0.00000000e+00]
[1.05217345e+01 9.02082219e-05 1.80126578e-02 0.00000000e+00]
[1.04587784e+01 9.69088118e-05 1.78960513e-02 0.00000000e+00]
[1.04796249e+01 9.71737908e-05 1.79002026e-02 0.00000000e+00]
[1.04450907e+01 1.02767477e-04 1.78234069e-02 0.00000000e+00]
[1.04348202e+01 1.07434872e-04 1.78000193e-02 0.00000000e+00]
[1.04289851e+01 1.04373633e-04 1.78673361e-02 0.00000000e+00]
[1.04206237e+01 1.02292060e-04 1.78738592e-02 0.00000000e+00]
[1.03294342e+01 1.07387451e-04 1.78089326e-02 0.00000000e+00]
[1.03510080e+01 1.06552132e-04 1.78063718e-02 0.00000000e+00]
[1.03784413e+01 1.11725070e-04 1.77793205e-02 0.00000000e+00]
[1.03688801e+01 1.08098449e-04 1.78233120e-02 0.00000000e+00]
[1.03847936e+01 1.02261841e-04 1.78615032e-02 0.00000000e+00]
[1.03889933e+01 9.95584459e-05 1.79161881e-02 0.00000000e+00]
[1.03753064e+01 9.96989120e-05 1.79065324e-02 0.00000000e+00]
[1.04088874e+01 9.53133668e-05 1.79493816e-02 0.00000000e+00]
[1.04682668e+01 9.40585297e-05 1.80101439e-02 0.00000000e+00]
[1.04509701e+01 8.82704147e-05 1.80932849e-02 0.00000000e+00]
[1.04554972e+01 9.00411299e-05 1.80705188e-02 0.00000000e+00]
[1.04725418e+01 8.99092863e-05 1.80785909e-02 0.00000000e+00]
[1.05035099e+01 9.20078018e-05 1.80718596e-02 0.00000000e+00]
[1.04959473e+01 9.38875192e-05 1.80761798e-02 0.00000000e+00]
[1.05191668e+01 9.53694203e-05 1.80150192e-02 0.00000000e+00]
[1.05399942e+01 9.58069167e-05 1.80223210e-02 0.00000000e+00]
[1.05290166e+01 1.01910251e-04 1.79737581e-02 0.00000000e+00]
[1.05485931e+01 9.93602328e-05 1.80325183e-02 0.00000000e+00]
[1.05523806e+01 9.48963227e-05 1.81070384e-02 0.00000000e+00]
[1.06011675e+01 9.04097332e-05 1.81625631e-02 0.00000000e+00]
[1.06347834e+01 9.26761645e-05 1.81570805e-02 0.00000000e+00]
[1.06275786e+01 8.87668930e-05 1.82258021e-02 0.00000000e+00]
[1.06133760e+01 9.44001656e-05 1.81505944e-02 0.00000000e+00]
[1.06264001e+01 9.57419922e-05 1.81030681e-02 0.00000000e+00]
[1.06045683e+01 1.00546107e-04 1.80582285e-02 0.00000000e+00]
[1.05810049e+01 1.03424875e-04 1.80260865e-02 0.00000000e+00]
[1.06177672e+01 9.97667533e-05 1.80539809e-02 0.00000000e+00]
[1.05868738e+01 9.39301857e-05 1.80733099e-02 0.00000000e+00]
[1.05926268e+01 9.85462929e-05 1.80494212e-02 0.00000000e+00]
[1.05941960e+01 9.60517789e-05 1.80421414e-02 0.00000000e+00]
[1.05773286e+01 9.76868187e-05 1.80314320e-02 0.00000000e+00]
[1.05764179e+01 9.94337789e-05 1.80162725e-02 0.00000000e+00]
[1.05779433e+01 9.74571674e-05 1.80620819e-02 0.00000000e+00]
[1.06037128e+01 9.40088671e-05 1.80755486e-02 0.00000000e+00]
[1.06150035e+01 9.23148818e-05 1.81105894e-02 0.00000000e+00]
[1.05879141e+01 9.63972975e-05 1.80696095e-02 0.00000000e+00]
[1.05842698e+01 9.63125184e-05 1.80661931e-02 0.00000000e+00]
[1.06072344e+01 9.55140540e-05 1.80835525e-02 0.00000000e+00]
[1.06413475e+01 9.29100578e-05 1.81309718e-02 0.00000000e+00]
[1.06750827e+01 9.39570847e-05 1.81245193e-02 0.00000000e+00]
[1.06610418e+01 9.87646203e-05 1.80682359e-02 0.00000000e+00]
[1.06430016e+01 9.60555974e-05 1.81140769e-02 0.00000000e+00]
[1.06442640e+01 9.78957047e-05 1.80854232e-02 0.00000000e+00]
[1.06609114e+01 9.67087664e-05 1.81150916e-02 0.00000000e+00]
[1.06603804e+01 9.93645807e-05 1.80926566e-02 0.00000000e+00]
[1.06301781e+01 9.60294237e-05 1.81240082e-02 0.00000000e+00]
[1.06407960e+01 9.15599820e-05 1.82157547e-02 0.00000000e+00]
[1.05831857e+01 9.07544692e-05 1.82322871e-02 0.00000000e+00]
[1.06175417e+01 8.88311027e-05 1.82748195e-02 0.00000000e+00]
[1.06409203e+01 8.51332677e-05 1.83451746e-02 0.00000000e+00]
[1.06467361e+01 8.84022473e-05 1.83052702e-02 0.00000000e+00]
[1.06736509e+01 8.74956169e-05 1.83380171e-02 0.00000000e+00]
[1.06796579e+01 8.55554005e-05 1.83641247e-02 0.00000000e+00]
[1.06895570e+01 8.72976468e-05 1.83111878e-02 0.00000000e+00]
[1.06908805e+01 8.51877904e-05 1.83816270e-02 0.00000000e+00]
[1.07133199e+01 8.21880856e-05 1.84107458e-02 0.00000000e+00]
[1.07306459e+01 8.28451315e-05 1.83781509e-02 0.00000000e+00]
[1.07561774e+01 8.26563661e-05 1.83759155e-02 0.00000000e+00]
[1.07500737e+01 8.47499052e-05 1.83975838e-02 0.00000000e+00]
[1.07253658e+01 8.54400371e-05 1.83473614e-02 0.00000000e+00]
[1.07558383e+01 8.31672545e-05 1.83744590e-02 0.00000000e+00]
[1.07544042e+01 8.68455179e-05 1.83303026e-02 0.00000000e+00]
[1.07938859e+01 8.50031220e-05 1.83541513e-02 0.00000000e+00]
[1.07956080e+01 8.37351922e-05 1.84169136e-02 0.00000000e+00]
[1.08010156e+01 8.37234928e-05 1.84205442e-02 0.00000000e+00]
[1.07834428e+01 8.68166988e-05 1.83282323e-02 0.00000000e+00]
[1.07767530e+01 8.89225515e-05 1.82949545e-02 0.00000000e+00]
[1.07542809e+01 8.94772920e-05 1.82807825e-02 0.00000000e+00]
[1.07816372e+01 8.63066568e-05 1.83537341e-02 0.00000000e+00]
[1.07899546e+01 8.69957560e-05 1.83623598e-02 0.00000000e+00]
[1.08140056e+01 8.63983225e-05 1.83743883e-02 0.00000000e+00]
[1.07873803e+01 8.91222622e-05 1.83286509e-02 0.00000000e+00]
[1.07808513e+01 8.83407674e-05 1.83271896e-02 0.00000000e+00]
[1.07980728e+01 8.49024555e-05 1.83889902e-02 0.00000000e+00]
[1.07718819e+01 8.34351399e-05 1.83914214e-02 0.00000000e+00]
[1.07882569e+01 8.35702220e-05 1.83948563e-02 0.00000000e+00]
[1.07665979e+01 8.33367332e-05 1.83602196e-02 0.00000000e+00]
[1.07451722e+01 8.48576560e-05 1.83375614e-02 0.00000000e+00]
[1.07496761e+01 8.47690669e-05 1.83508725e-02 0.00000000e+00]
[1.07343500e+01 8.59040344e-05 1.83144649e-02 0.00000000e+00]
[1.07359388e+01 8.45041062e-05 1.83532078e-02 0.00000000e+00]
[1.07097977e+01 8.38956150e-05 1.83364549e-02 0.00000000e+00]
[1.07242379e+01 8.16701225e-05 1.83609732e-02 0.00000000e+00]
[1.07339749e+01 8.00563626e-05 1.84234215e-02 0.00000000e+00]
[1.07580265e+01 7.70556121e-05 1.84988608e-02 0.00000000e+00]
[1.07627670e+01 7.96606567e-05 1.84588337e-02 0.00000000e+00]
[1.07697576e+01 8.16593725e-05 1.84313825e-02 0.00000000e+00]
[1.07843456e+01 8.19231807e-05 1.84371051e-02 0.00000000e+00]
[1.07868988e+01 8.07344126e-05 1.84422413e-02 0.00000000e+00]
[1.07904602e+01 8.19413593e-05 1.84316573e-02 0.00000000e+00]
[1.08142747e+01 8.12700060e-05 1.84796256e-02 0.00000000e+00]
[1.07883558e+01 8.09947778e-05 1.84841924e-02 0.00000000e+00]
[1.07689206e+01 8.08756054e-05 1.84835583e-02 0.00000000e+00]
[1.07724858e+01 8.26743315e-05 1.84840375e-02 0.00000000e+00]
[1.07738862e+01 8.31192860e-05 1.84811458e-02 0.00000000e+00]
[1.07853951e+01 8.36528944e-05 1.84724529e-02 0.00000000e+00]
[1.08084562e+01 8.28652502e-05 1.84935219e-02 0.00000000e+00]
[1.08225134e+01 8.15207824e-05 1.85103636e-02 0.00000000e+00]
[1.08349874e+01 8.03438020e-05 1.85436573e-02 0.00000000e+00]
[1.08270716e+01 7.83986406e-05 1.85371167e-02 0.00000000e+00]
[1.08104089e+01 7.89588666e-05 1.85208951e-02 0.00000000e+00]
[1.08273258e+01 8.19617991e-05 1.85092910e-02 0.00000000e+00]
[1.08334337e+01 8.43068884e-05 1.84447246e-02 0.00000000e+00]
[1.08199243e+01 8.58371109e-05 1.84180099e-02 0.00000000e+00]
[1.08313085e+01 8.70009550e-05 1.84164164e-02 0.00000000e+00]
[1.08257806e+01 8.78823157e-05 1.84064675e-02 0.00000000e+00]
[1.08402138e+01 8.69317792e-05 1.84368273e-02 0.00000000e+00]
[1.08200500e+01 8.87116198e-05 1.84026962e-02 0.00000000e+00]
[1.08282045e+01 8.91242377e-05 1.83915981e-02 0.00000000e+00]
[1.08269602e+01 8.91309661e-05 1.83970544e-02 0.00000000e+00]
[1.08193026e+01 8.97368918e-05 1.84039856e-02 0.00000000e+00]
[1.08135383e+01 9.06080177e-05 1.83854001e-02 0.00000000e+00]
[1.08068080e+01 9.23442351e-05 1.83600339e-02 0.00000000e+00]
[1.07994018e+01 9.15722286e-05 1.83587865e-02 0.00000000e+00]
[1.07961930e+01 9.22677361e-05 1.83633929e-02 0.00000000e+00]
[1.07790700e+01 9.53415411e-05 1.83348312e-02 0.00000000e+00]
[1.07947625e+01 9.41073046e-05 1.83718261e-02 0.00000000e+00]
[1.07941810e+01 9.49773563e-05 1.83463169e-02 0.00000000e+00]
[1.08035770e+01 9.62795358e-05 1.83419194e-02 0.00000000e+00]
[1.07985011e+01 9.64865627e-05 1.83499219e-02 0.00000000e+00]
[1.07941196e+01 9.66231044e-05 1.83619143e-02 0.00000000e+00]
[1.07952201e+01 9.59703497e-05 1.83758978e-02 0.00000000e+00]
[1.07990573e+01 9.61676974e-05 1.83684657e-02 0.00000000e+00]
[1.07914430e+01 9.55650581e-05 1.83869687e-02 0.00000000e+00]
[1.07907261e+01 9.39619633e-05 1.83961377e-02 0.00000000e+00]
[1.08051991e+01 9.41836449e-05 1.84160048e-02 0.00000000e+00]
[1.08019646e+01 9.38238213e-05 1.84299545e-02 0.00000000e+00]
[1.07923759e+01 9.57444611e-05 1.83777752e-02 0.00000000e+00]
[1.08004667e+01 9.46000277e-05 1.84062828e-02 0.00000000e+00]
[1.07995361e+01 9.50535762e-05 1.83938332e-02 0.00000000e+00]
[1.07923621e+01 9.59059545e-05 1.83840285e-02 0.00000000e+00]
[1.07843152e+01 9.47906053e-05 1.83997980e-02 0.00000000e+00]
[1.07769784e+01 9.82975409e-05 1.83895203e-02 0.00000000e+00]
[1.07816353e+01 9.86958929e-05 1.83977353e-02 0.00000000e+00]
[1.07797770e+01 9.76759385e-05 1.83788823e-02 0.00000000e+00]
[1.07821423e+01 9.78302156e-05 1.84021480e-02 0.00000000e+00]
[1.07829240e+01 9.75225378e-05 1.84022753e-02 0.00000000e+00]
[1.07800899e+01 9.63381103e-05 1.84160832e-02 0.00000000e+00]
[1.07810038e+01 9.75652548e-05 1.84130211e-02 0.00000000e+00]
[1.07715065e+01 9.62204153e-05 1.84367311e-02 0.00000000e+00]
[1.07683534e+01 9.49341356e-05 1.84644212e-02 0.00000000e+00]
[1.07826099e+01 9.41429555e-05 1.84878305e-02 0.00000000e+00]
[1.07706706e+01 9.47029166e-05 1.84712224e-02 0.00000000e+00]
[1.07808335e+01 9.60051662e-05 1.84519948e-02 0.00000000e+00]
[1.07942737e+01 9.61534507e-05 1.84545007e-02 0.00000000e+00]
[1.08058702e+01 9.56676404e-05 1.84789427e-02 0.00000000e+00]
[1.08083127e+01 9.62023434e-05 1.84735318e-02 0.00000000e+00]
[1.08260862e+01 9.56788803e-05 1.84683608e-02 0.00000000e+00]
[1.08133797e+01 9.59001871e-05 1.84544445e-02 0.00000000e+00]
[1.08169017e+01 9.57400772e-05 1.84627186e-02 0.00000000e+00]
[1.08183110e+01 9.56319146e-05 1.84667152e-02 0.00000000e+00]
[1.08177226e+01 9.47396580e-05 1.84852906e-02 0.00000000e+00]
[1.08180861e+01 9.34722322e-05 1.84811620e-02 0.00000000e+00]
[1.08163689e+01 9.36896954e-05 1.84542757e-02 0.00000000e+00]
[1.08151398e+01 9.41318108e-05 1.84571553e-02 0.00000000e+00]
[1.08231013e+01 9.30697908e-05 1.84803941e-02 0.00000000e+00]
[1.08197189e+01 9.45370972e-05 1.84522984e-02 0.00000000e+00]
[1.08224652e+01 9.34912294e-05 1.84571770e-02 0.00000000e+00]
[1.08186732e+01 9.45275791e-05 1.84535621e-02 0.00000000e+00]
[1.08026211e+01 9.59839319e-05 1.84398000e-02 0.00000000e+00]
[1.07965995e+01 9.61283573e-05 1.84358741e-02 0.00000000e+00]
[1.07983757e+01 9.64439150e-05 1.84312544e-02 0.00000000e+00]
[1.08039074e+01 9.51989146e-05 1.84509233e-02 0.00000000e+00]
[1.08045648e+01 9.50593038e-05 1.84537219e-02 0.00000000e+00]
[1.07980009e+01 9.47655721e-05 1.84628872e-02 0.00000000e+00]
[1.07959492e+01 9.49885779e-05 1.84623165e-02 0.00000000e+00]
[1.07890437e+01 9.45160051e-05 1.84751906e-02 0.00000000e+00]
[1.07981081e+01 9.29655490e-05 1.84932980e-02 0.00000000e+00]
[1.08023798e+01 9.26963265e-05 1.84999190e-02 0.00000000e+00]
[1.08041834e+01 9.29251220e-05 1.85068792e-02 0.00000000e+00]
[1.08076632e+01 9.30446558e-05 1.85180587e-02 0.00000000e+00]
[1.08153549e+01 9.26064645e-05 1.85372131e-02 0.00000000e+00]
[1.08169667e+01 9.26133728e-05 1.85479351e-02 0.00000000e+00]
[1.08078573e+01 9.28941418e-05 1.85398983e-02 0.00000000e+00]
[1.08168181e+01 9.21546884e-05 1.85555352e-02 0.00000000e+00]
[1.08146254e+01 9.34068884e-05 1.85401843e-02 0.00000000e+00]
[1.08190622e+01 9.33568529e-05 1.85597940e-02 0.00000000e+00]
[1.08225936e+01 9.31211210e-05 1.85655563e-02 0.00000000e+00]
[1.08296536e+01 9.20698554e-05 1.85635507e-02 0.00000000e+00]
[1.08321656e+01 9.04084178e-05 1.85963579e-02 0.00000000e+00]
[1.08281307e+01 9.11924976e-05 1.85991861e-02 0.00000000e+00]
[1.08273551e+01 8.99598289e-05 1.86109289e-02 0.00000000e+00]
[1.08288040e+01 8.84779671e-05 1.86175490e-02 0.00000000e+00]
[1.08127135e+01 8.87435112e-05 1.86088720e-02 0.00000000e+00]
[1.08102074e+01 8.92073263e-05 1.85923878e-02 0.00000000e+00]
[1.08221485e+01 8.90743673e-05 1.85992581e-02 0.00000000e+00]
[1.08264738e+01 8.86713602e-05 1.86174247e-02 0.00000000e+00]
[1.08335381e+01 8.76959526e-05 1.86289438e-02 0.00000000e+00]
[1.08404042e+01 8.75332929e-05 1.86318471e-02 0.00000000e+00]
[1.08387742e+01 8.85999906e-05 1.86117611e-02 0.00000000e+00]
[1.08475681e+01 8.81579850e-05 1.86338625e-02 0.00000000e+00]
[1.08504736e+01 8.85443805e-05 1.86328934e-02 0.00000000e+00]
[1.08539368e+01 8.74356642e-05 1.86458521e-02 0.00000000e+00]
[1.08574167e+01 8.78047088e-05 1.86499663e-02 0.00000000e+00]
[1.08594617e+01 8.74011619e-05 1.86468011e-02 0.00000000e+00]
[1.08580758e+01 8.72363201e-05 1.86422960e-02 0.00000000e+00]
[1.08596748e+01 8.72661577e-05 1.86580721e-02 0.00000000e+00]
[1.08513792e+01 8.80865162e-05 1.86423379e-02 0.00000000e+00]
[1.08590181e+01 8.84292586e-05 1.86321497e-02 0.00000000e+00]
[1.08626646e+01 8.76923716e-05 1.86422740e-02 0.00000000e+00]
[1.08638147e+01 8.63470854e-05 1.86552127e-02 0.00000000e+00]
[1.08676353e+01 8.68201315e-05 1.86661172e-02 0.00000000e+00]
[1.08673369e+01 8.64748619e-05 1.86671308e-02 0.00000000e+00]
[1.08670656e+01 8.65468601e-05 1.86619896e-02 0.00000000e+00]
[1.08686035e+01 8.66157942e-05 1.86634716e-02 0.00000000e+00]
[1.08624083e+01 8.66031033e-05 1.86552856e-02 0.00000000e+00]
[1.08600277e+01 8.62410076e-05 1.86465389e-02 0.00000000e+00]
[1.08583490e+01 8.60692986e-05 1.86514088e-02 0.00000000e+00]
[1.08605868e+01 8.65299668e-05 1.86600637e-02 0.00000000e+00]
[1.08671902e+01 8.58032064e-05 1.86753653e-02 0.00000000e+00]
[1.08623008e+01 8.64209121e-05 1.86637213e-02 0.00000000e+00]
[1.08604924e+01 8.64393614e-05 1.86579786e-02 0.00000000e+00]
[1.08594948e+01 8.74190572e-05 1.86385229e-02 0.00000000e+00]
[1.08638145e+01 8.73342283e-05 1.86428860e-02 0.00000000e+00]
[1.08668607e+01 8.78058309e-05 1.86395246e-02 0.00000000e+00]
[1.08668055e+01 8.72193515e-05 1.86392189e-02 0.00000000e+00]
[1.08679491e+01 8.72872050e-05 1.86369199e-02 0.00000000e+00]
[1.08690861e+01 8.78318665e-05 1.86281394e-02 0.00000000e+00]
[1.08736509e+01 8.74871748e-05 1.86351120e-02 0.00000000e+00]
[1.08676273e+01 8.74212465e-05 1.86224065e-02 0.00000000e+00]
[1.08629174e+01 8.73541716e-05 1.86167050e-02 0.00000000e+00]
[1.08596777e+01 8.67051615e-05 1.86168418e-02 0.00000000e+00]
[1.08605633e+01 8.60349977e-05 1.86340138e-02 0.00000000e+00]
[1.08576028e+01 8.61020800e-05 1.86376561e-02 0.00000000e+00]
[1.08578710e+01 8.62547206e-05 1.86372181e-02 0.00000000e+00]
[1.08580212e+01 8.65835318e-05 1.86297509e-02 0.00000000e+00]
[1.08555532e+01 8.68884746e-05 1.86219304e-02 0.00000000e+00]
[1.08557563e+01 8.70493135e-05 1.86196985e-02 0.00000000e+00]
[1.08551665e+01 8.69684311e-05 1.86173651e-02 0.00000000e+00]
[1.08495851e+01 8.68998807e-05 1.86122761e-02 0.00000000e+00]
[1.08498065e+01 8.75209801e-05 1.85985424e-02 0.00000000e+00]
[1.08483079e+01 8.73376638e-05 1.86081728e-02 0.00000000e+00]
[1.08490105e+01 8.73837536e-05 1.86090273e-02 0.00000000e+00]
[1.08531672e+01 8.72146136e-05 1.86073956e-02 0.00000000e+00]
[1.08616945e+01 8.72030505e-05 1.86044689e-02 0.00000000e+00]
[1.08605304e+01 8.73753026e-05 1.85950135e-02 0.00000000e+00]
[1.08625830e+01 8.80095068e-05 1.85845919e-02 0.00000000e+00]
[1.08558444e+01 8.81612101e-05 1.85789006e-02 0.00000000e+00]
[1.08584462e+01 8.81059502e-05 1.85822823e-02 0.00000000e+00]
[1.08558441e+01 8.83454160e-05 1.85785877e-02 0.00000000e+00]
[1.08577605e+01 8.79772696e-05 1.85793365e-02 0.00000000e+00]
[1.08526440e+01 8.78935631e-05 1.85716746e-02 0.00000000e+00]
[1.08501339e+01 8.79312418e-05 1.85638657e-02 0.00000000e+00]
[1.08474564e+01 8.80808646e-05 1.85596628e-02 0.00000000e+00]
[1.08481976e+01 8.87740680e-05 1.85600523e-02 0.00000000e+00]
[1.08478675e+01 8.92333628e-05 1.85563208e-02 0.00000000e+00]
[1.08491867e+01 8.92801512e-05 1.85489995e-02 0.00000000e+00]
[1.08497694e+01 8.91092257e-05 1.85488451e-02 0.00000000e+00]
[1.08474297e+01 8.98407911e-05 1.85393548e-02 0.00000000e+00]
[1.08487134e+01 9.01043633e-05 1.85421070e-02 0.00000000e+00]
[1.08486238e+01 8.93701877e-05 1.85467600e-02 0.00000000e+00]
[1.08424051e+01 8.96100913e-05 1.85382281e-02 0.00000000e+00]
[1.08417078e+01 8.97825496e-05 1.85402570e-02 0.00000000e+00]
[1.08377127e+01 9.01330438e-05 1.85352335e-02 0.00000000e+00]
[1.08376361e+01 9.07502776e-05 1.85285070e-02 0.00000000e+00]
[1.08425098e+01 9.03257673e-05 1.85364045e-02 0.00000000e+00]
[1.08411178e+01 9.00374883e-05 1.85300161e-02 0.00000000e+00]
[1.08385271e+01 9.01049487e-05 1.85292926e-02 0.00000000e+00]
[1.08385371e+01 8.99689226e-05 1.85384611e-02 0.00000000e+00]
[1.08317030e+01 8.98785126e-05 1.85418638e-02 0.00000000e+00]
[1.08329896e+01 8.97475196e-05 1.85387779e-02 0.00000000e+00]
[1.08332643e+01 8.99956926e-05 1.85334504e-02 0.00000000e+00]
[1.08372565e+01 9.01224563e-05 1.85360411e-02 0.00000000e+00]
[1.08384500e+01 9.00166546e-05 1.85455209e-02 0.00000000e+00]
[1.08399442e+01 9.00325498e-05 1.85452634e-02 0.00000000e+00]
[1.08440823e+01 8.96339868e-05 1.85511280e-02 0.00000000e+00]
[1.08422700e+01 8.96669737e-05 1.85525932e-02 0.00000000e+00]
[1.08397748e+01 8.95925194e-05 1.85456568e-02 0.00000000e+00]
[1.08413282e+01 8.96845976e-05 1.85457354e-02 0.00000000e+00]
[1.08408357e+01 8.97685747e-05 1.85423950e-02 0.00000000e+00]
[1.08396994e+01 8.96234467e-05 1.85448224e-02 0.00000000e+00]
[1.08393297e+01 8.97944036e-05 1.85423516e-02 0.00000000e+00]
[1.08381235e+01 8.97223457e-05 1.85412786e-02 0.00000000e+00]
[1.08373051e+01 8.97379325e-05 1.85389637e-02 0.00000000e+00]
[1.08382785e+01 8.96308622e-05 1.85450315e-02 0.00000000e+00]
[1.08398642e+01 8.97643482e-05 1.85422303e-02 0.00000000e+00]
[1.08405476e+01 8.94247561e-05 1.85479157e-02 0.00000000e+00]
[1.08374237e+01 8.93734568e-05 1.85506925e-02 0.00000000e+00]
[1.08330739e+01 8.95108260e-05 1.85484343e-02 0.00000000e+00]
[1.08306871e+01 8.97590260e-05 1.85481421e-02 0.00000000e+00]
[1.08305055e+01 8.96664345e-05 1.85529754e-02 0.00000000e+00]
[1.08242657e+01 9.01745986e-05 1.85500944e-02 0.00000000e+00]
[1.08233292e+01 9.03249735e-05 1.85510262e-02 0.00000000e+00]
[1.08234193e+01 9.01855116e-05 1.85534291e-02 0.00000000e+00]
[1.08220868e+01 9.04344889e-05 1.85543540e-02 0.00000000e+00]
[1.08204484e+01 9.06039922e-05 1.85514793e-02 0.00000000e+00]
[1.08178431e+01 9.06480406e-05 1.85472957e-02 0.00000000e+00]
[1.08192706e+01 9.09723387e-05 1.85415210e-02 0.00000000e+00]
[1.08192723e+01 9.07878889e-05 1.85417231e-02 0.00000000e+00]
[1.08200572e+01 9.06207367e-05 1.85428503e-02 0.00000000e+00]
[1.08206243e+01 9.04316962e-05 1.85449213e-02 0.00000000e+00]
[1.08198310e+01 9.03225091e-05 1.85472786e-02 0.00000000e+00]
[1.08191265e+01 9.03083447e-05 1.85512123e-02 0.00000000e+00]
[1.08197693e+01 9.02553471e-05 1.85514413e-02 0.00000000e+00]
[1.08186502e+01 9.01397712e-05 1.85539348e-02 0.00000000e+00]
[1.08209947e+01 9.02533614e-05 1.85532440e-02 0.00000000e+00]
[1.08207841e+01 9.03687311e-05 1.85484951e-02 0.00000000e+00]
[1.08203820e+01 9.03741806e-05 1.85489467e-02 0.00000000e+00]
[1.08196597e+01 9.04751087e-05 1.85479664e-02 0.00000000e+00]
[1.08168739e+01 9.08297862e-05 1.85434890e-02 0.00000000e+00]
[1.08156329e+01 9.07834724e-05 1.85408418e-02 0.00000000e+00]
[1.08160439e+01 9.09889720e-05 1.85397856e-02 0.00000000e+00]
[1.08169575e+01 9.09438726e-05 1.85390210e-02 0.00000000e+00]
[1.08167043e+01 9.06599240e-05 1.85406561e-02 0.00000000e+00]
[1.08166632e+01 9.06018129e-05 1.85402251e-02 0.00000000e+00]
[1.08154886e+01 9.03416482e-05 1.85461074e-02 0.00000000e+00]
[1.08146743e+01 9.03574961e-05 1.85473769e-02 0.00000000e+00]
[1.08142552e+01 9.03559608e-05 1.85520585e-02 0.00000000e+00]
[1.08134896e+01 9.01835049e-05 1.85502406e-02 0.00000000e+00]
[1.08125262e+01 9.01087601e-05 1.85527633e-02 0.00000000e+00]
[1.08155352e+01 8.99476206e-05 1.85569012e-02 0.00000000e+00]
[1.08145787e+01 8.98774161e-05 1.85562505e-02 0.00000000e+00]
[1.08144549e+01 8.99454833e-05 1.85507914e-02 0.00000000e+00]
[1.08160896e+01 8.99453765e-05 1.85515427e-02 0.00000000e+00]
[1.08167509e+01 8.98664796e-05 1.85548159e-02 0.00000000e+00]
[1.08162050e+01 9.01453921e-05 1.85510990e-02 0.00000000e+00]
[1.08156916e+01 9.01860245e-05 1.85480365e-02 0.00000000e+00]
[1.08183683e+01 9.01959133e-05 1.85483923e-02 0.00000000e+00]
[1.08179420e+01 9.01956463e-05 1.85477708e-02 0.00000000e+00]
[1.08161737e+01 9.03013571e-05 1.85454875e-02 0.00000000e+00]
[1.08153125e+01 9.03849933e-05 1.85404864e-02 0.00000000e+00]
[1.08144137e+01 9.04603145e-05 1.85371517e-02 0.00000000e+00]
[1.08129685e+01 9.05940769e-05 1.85397258e-02 0.00000000e+00]
[1.08119280e+01 9.02796648e-05 1.85438355e-02 0.00000000e+00]
[1.08118302e+01 9.03480394e-05 1.85421172e-02 0.00000000e+00]
[1.08123899e+01 9.03347601e-05 1.85435287e-02 0.00000000e+00]
[1.08123109e+01 9.03693188e-05 1.85415079e-02 0.00000000e+00]
[1.08140609e+01 9.01892937e-05 1.85449568e-02 0.00000000e+00]
[1.08136885e+01 9.01264200e-05 1.85443865e-02 0.00000000e+00]