[  22.9096063    29.14019652 3729.94515394    0.        ]
[  21.36601968   29.69555459 3801.03098805    0.        ]
[  21.6486236    28.51624428 3650.0792684     0.        ]
[  21.56155072   29.03558565 3716.55496308    0.        ]
[  21.74341172   28.33784043 3627.24357493    0.        ]
[  21.03248595   28.86442225 3694.64604738    0.        ]
[  22.02763252   28.84176945 3691.7464902     0.        ]
[  21.81217911   27.92915468 3574.93179871    0.        ]
[  21.79862458   28.19374727 3608.79965054    0.        ]
[  21.74780314   27.63024684 3536.67159613    0.        ]
[  21.75975823   27.75154298 3552.19750173    0.        ]
[  20.50287684   27.58249613 3530.55950509    0.        ]
[  20.60962747   27.26920098 3490.45772567    0.        ]
[  20.81009781   27.22861516 3485.26274074    0.        ]
[  20.84248347   27.31082734 3495.78589975    0.        ]
[  21.0720399    27.28872909 3492.95732299    0.        ]
[  21.17952684   27.17201902 3478.01843405    0.        ]
[  21.43229938   26.99003872 3454.72495635    0.        ]
[  20.58538289   27.26828246 3490.3401553     0.        ]
[  20.86383603   27.24824227 3487.77501061    0.        ]
[  21.377391     27.65704808 3540.10215373    0.        ]
[  20.79528976   27.61861381 3535.18256732    0.        ]
[  21.17263028   27.19235413 3480.62132886    0.        ]
[  21.56504202   27.38484655 3505.2603581     0.        ]
[  22.1310651    26.82085315 3433.06920286    0.        ]
[  21.08589638   27.27789905 3491.57107855    0.        ]
[  22.16465498   26.78881762 3428.96865583    0.        ]
[  21.44498657   27.10285023 3469.16482965    0.        ]
[  22.88499879   26.43422071 3383.58025103    0.        ]
[  22.11727391   26.53064806 3395.92295169    0.        ]
[  22.70114782   25.83286373 3306.60655724    0.        ]
[  22.83472087   25.70325795 3290.01701774    0.        ]
[  22.53141279   25.70611916 3290.38325248    0.        ]
[  22.22463361   25.65283604 3283.56301258    0.        ]
[  21.663437     26.00431132 3328.55184862    0.        ]
[  22.22399227   26.48364631 3389.90672737    0.        ]
[  22.83765418   25.87447502 3311.93280231    0.        ]
[  22.67405584   25.54233902 3269.41939441    0.        ]
[  22.90821236   26.01682708 3330.15386649    0.        ]
[  21.78277643   25.69448477 3288.89405108    0.        ]
[  22.93659209   25.52656321 3267.4000908     0.        ]
[  22.63630514   25.89658535 3314.76292525    0.        ]
[  23.36749775   25.33414932 3242.77111262    0.        ]
[  23.48448996   25.61149078 3278.27082038    0.        ]
[  23.26860179   25.43192336 3255.28619039    0.        ]
[  23.33777991   25.46883615 3260.01102767    0.        ]
[  23.31467425   25.6344911  3281.21486039    0.        ]
[  22.73771082   25.97296623 3324.53967715    0.        ]
[  23.83933206   24.97170865 3196.37870734    0.        ]
[  23.64870117   24.68448921 3159.61461829    0.        ]
[  23.01843576   24.5594459  3143.6090758     0.        ]
[  22.45994713   24.89109271 3186.05986691    0.        ]
[  23.36810285   24.63352514 3153.09121738    0.        ]
[  22.68960824   24.68552628 3159.74736326    0.        ]
[  23.07798266   24.32862779 3114.06435698    0.        ]
[  22.69788244   24.36214612 3118.35470339    0.        ]
[  22.06626094   24.68315194 3159.44344786    0.        ]
[  23.09104513   24.28633479 3108.65085323    0.        ]
[  23.40891029   24.3490363  3116.67664659    0.        ]
[  23.78634981   24.34648028 3116.34947584    0.        ]
[  23.61442396   23.98477781 3070.05155954    0.        ]
[  23.58554877   23.82198945 3049.21465009    0.        ]
[  23.38931318   24.20446116 3098.17102879    0.        ]
[  23.21968236   23.93603026 3063.81187388    0.        ]
[  23.39465838   23.91812987 3061.52062394    0.        ]
[  23.6302463    23.7912057  3045.27432943    0.        ]
[  23.29873139   23.86495572 3054.71433229    0.        ]
[  23.15789976   23.71676111 3035.74542206    0.        ]
[  23.42366508   23.90452993 3059.77983142    0.        ]
[  22.87815416   23.76402945 3041.7957698     0.        ]
[  22.23655539   23.80942777 3047.60675466    0.        ]
[  23.2100958    23.41677114 2997.34670603    0.        ]
[  22.45334319   23.80183266 3046.63458041    0.        ]
[  23.20727419   23.75034666 3040.04437274    0.        ]
[  22.18959875   23.44990495 3001.58783347    0.        ]
[  23.28648571   23.62048026 3023.4214737     0.        ]
[  23.7749458    23.69727099 3033.25068714    0.        ]
[  23.22103782   23.93257215 3063.36923542    0.        ]
[  23.47129554   23.15684106 2964.07565629    0.        ]
[  23.71063936   23.33813847 2987.28172471    0.        ]
[  23.87064439   23.37466087 2991.95659096    0.        ]
[  24.04130253   23.11384666 2958.57237257    0.        ]
[  24.21829094   22.66131064 2900.64776179    0.        ]
[  24.41008823   22.49480058 2879.3344739     0.        ]
[  24.71105213   22.51788945 2882.28985013    0.        ]
[  25.01615059   22.26949583 2850.49546597    0.        ]
[  25.07377467   22.28050514 2851.9046582     0.        ]
[  24.6812295    22.21345444 2843.3221689     0.        ]
[  24.55642569   22.26113069 2849.42472891    0.        ]
[  24.45211225   22.12092747 2831.47871564    0.        ]
[  24.55367978   22.01632368 2818.08943149    0.        ]
[  24.74662272   21.76715688 2786.19608119    0.        ]
[  25.21420903   21.59752058 2764.48263463    0.        ]
[  25.20647488   21.44428418 2744.86837469    0.        ]
[  24.9388398    21.73647207 2782.26842533    0.        ]
[  25.39545955   21.43480793 2743.65541495    0.        ]
[  25.11309703   21.54584677 2757.86838651    0.        ]
[  25.60798733   21.42870549 2742.87430324    0.        ]
[  25.88913368   21.27586164 2723.31029055    0.        ]
[  26.1459625    20.78100677 2659.96886702    0.        ]
[  26.48140888   20.46981847 2620.13676363    0.        ]
[  26.00983748   20.63057092 2640.71307747    0.        ]
[  26.02111756   20.25018068 2592.02312714    0.        ]
[  26.28258293   20.23754471 2590.40572269    0.        ]
[  26.3076782    20.36535043 2606.76485499    0.        ]
[  26.66906415   20.24131019 2590.88770475    0.        ]
[  26.15300803   20.40333496 2611.626875      0.        ]
[  26.16809035   20.39817338 2610.96619245    0.        ]
[  26.14675594   20.21568228 2587.60733154    0.        ]
[  26.61319248   20.0032789  2560.41969908    0.        ]
[  26.61045419   19.94808108 2553.35437794    0.        ]
[  26.81918325   19.88906166 2545.79989216    0.        ]
[  27.37781917   19.75589207 2528.75418548    0.        ]
[  27.57786311   19.61789279 2511.0902777     0.        ]
[  27.39748954   19.65402783 2515.71556169    0.        ]
[  28.04448002   19.5665397  2504.51708144    0.        ]
[  28.30978856   19.66807352 2517.51341065    0.        ]
[  28.11151352   19.50350575 2496.44873568    0.        ]
[  28.35462626   19.283903   2468.33958426    0.        ]
[  28.28563435   19.37987982 2480.62461734    0.        ]
[  28.15233718   19.17421549 2454.2995822     0.        ]
[  27.91148474   19.08764246 2443.21823527    0.        ]
[  27.57087912   18.96588563 2427.6333601     0.        ]
[  27.95884421   18.85169902 2413.01747514    0.        ]
[  27.80630334   18.6891888  2392.21616591    0.        ]
[  27.90100002   18.67702604 2390.6593333     0.        ]
[  27.83954937   18.68554389 2391.74961732    0.        ]
[  28.24014356   18.80866058 2407.50855456    0.        ]
[  28.07690578   18.52083367 2370.66670925    0.        ]
[  27.98377158   18.54773778 2374.11043523    0.        ]
[  27.90880195   18.60299222 2381.18300364    0.        ]
[  27.83456501   18.591712   2379.73913645    0.        ]
[  27.8582849    18.58456201 2378.8239372     0.        ]
[  28.04514078   18.5778483  2377.96458272    0.        ]
[  28.09598972   18.50994735 2369.2732606     0.        ]
[  27.98570427   18.48253932 2365.76503277    0.        ]
[  27.98486383   18.47045452 2364.21817814    0.        ]
[  27.92847442   18.4799008  2365.42730222    0.        ]
[  28.03715982   18.49486586 2367.34283054    0.        ]
[  27.84813591   18.17390177 2326.25942675    0.        ]
[  27.89270789   18.13233825 2320.93929593    0.        ]
[  27.63482511   18.28413131 2340.36880761    0.        ]
[  27.95753556   18.05446325 2310.97129646    0.        ]
[  27.93115384   18.08152887 2314.43569495    0.        ]
[  27.72612198   18.01149462 2305.47131105    0.        ]
[  27.66941035   17.96719279 2299.80067727    0.        ]
[  27.81620442   17.98113906 2301.58580011    0.        ]
[  27.50514466   18.03298084 2308.22154755    0.        ]
[  27.49014875   17.9752041  2300.82612422    0.        ]
[  27.69964936   17.95834748 2298.66847762    0.        ]
[  27.60666898   17.94469734 2296.92126011    0.        ]
[  27.73772123   17.86904519 2287.23778466    0.        ]
[  27.57982008   17.81345652 2280.12243446    0.        ]
[  27.4110447    17.71800878 2267.90512422    0.        ]
[  27.37546958   17.6691321  2261.64890931    0.        ]
[  27.35311949   17.58600025 2251.00803253    0.        ]
[  27.25249946   17.60044339 2252.8567539     0.        ]
[  26.84124249   17.66544313 2261.17672046    0.        ]
[  27.46847692   17.49817232 2239.76605727    0.        ]
[  27.31332542   17.53111294 2243.98245692    0.        ]
[  27.59211732   17.37157372 2223.56143623    0.        ]
[  27.9367549    17.3255774  2217.67390719    0.        ]
[  27.65632294   17.40863587 2228.30539176    0.        ]
[  27.93447409   17.38008863 2224.65134511    0.        ]
[  27.84182796   17.35766218 2221.78075925    0.        ]
[  27.8604845    17.28681104 2212.71181363    0.        ]
[  27.53701756   17.56775762 2248.67297585    0.        ]
[  28.07881589   17.2582375  2209.05439974    0.        ]
[  28.26808434   17.25035745 2208.0457536     0.        ]
[  28.33956766   17.11324579 2190.49546148    0.        ]
[  28.3017284    17.06051625 2183.74607997    0.        ]
[  28.0533606    17.07963182 2186.19287276    0.        ]
[  28.27525264   17.0675107  2184.64136964    0.        ]
[  28.1885821    17.08499832 2186.87978452    0.        ]
[  28.14785869   17.05787634 2183.40817096    0.        ]
[  28.18916301   17.00538659 2176.6894832     0.        ]
[  28.20945867   16.9489412  2169.46447313    0.        ]
[  28.34945274   16.95555032 2170.31044106    0.        ]
[  28.27672422   16.90466416 2163.7970131     0.        ]
[  28.34123909   16.8372892  2155.17301784    0.        ]
[  28.2950453    16.87114109 2159.50605955    0.        ]
[  28.15622785   16.82224359 2153.24717936    0.        ]
[  28.17879283   16.91648353 2165.30989177    0.        ]
[  28.23144304   16.77560616 2147.27758891    0.        ]
[  28.2705267    16.73019587 2141.46507131    0.        ]
[  28.37632479   16.61042055 2126.13383025    0.        ]
[  28.37072691   16.62580586 2128.10315061    0.        ]
[  28.51139343   16.46210159 2107.14900373    0.        ]
[  28.64108754   16.42003982 2101.76509732    0.        ]
[  28.55328864   16.44551154 2105.02547658    0.        ]
[  28.49035308   16.45743786 2106.55204563    0.        ]
[  28.68717246   16.42618287 2102.55140733    0.        ]
[  28.42599963   16.45972549 2106.84486333    0.        ]
[  28.73979954   16.30068557 2086.48775255    0.        ]
[  28.75890726   16.24487273 2079.34371       0.        ]
[  28.84600241   16.22161962 2076.36731149    0.        ]
[  28.81595659   16.22502917 2076.80373371    0.        ]
[  28.71369027   16.32138211 2089.13690994    0.        ]
[  28.78313709   16.2443727  2079.27970584    0.        ]
[  28.94010337   16.27883482 2083.69085687    0.        ]
[  28.73086435   16.31243371 2087.99151512    0.        ]
[  28.92615782   16.17480596 2070.37516333    0.        ]
[  28.88478685   16.2320447  2077.70172176    0.        ]
[  28.70682606   16.15608158 2067.97844195    0.        ]
[  28.65769408   16.10591126 2061.55664171    0.        ]
[  28.4443353    16.17470717 2070.36251781    0.        ]
[  28.68420435   16.09062568 2059.60008659    0.        ]
[  28.69688157   16.0924998  2059.8399747     0.        ]
[  28.60263143   16.13792173 2065.65398129    0.        ]
[  28.6648336    16.10872898 2061.91730886    0.        ]
[  28.64948584   16.05258078 2054.73034042    0.        ]
[  28.58806278   16.08960373 2059.46927706    0.        ]
[  28.63266779   16.02707352 2051.46541035    0.        ]
[  28.66818093   16.00235048 2048.30086139    0.        ]
[  28.80274743   15.99054183 2046.7893542     0.        ]
[  28.91441596   15.9335103  2039.4893187     0.        ]
[  28.99405483   15.91640895 2037.30034523    0.        ]
[  29.00253379   15.98021872 2045.46799604    0.        ]
[  29.04364878   15.91857808 2037.57799377    0.        ]
[  28.88454229   15.87910273 2032.52514881    0.        ]
[  28.7174794    15.90341434 2035.6370353     0.        ]
[  28.86581423   15.89825493 2034.97663095    0.        ]
[  28.73296802   15.93409219 2039.56380067    0.        ]
[  28.77356444   15.92221375 2038.04336032    0.        ]
[  28.99746578   15.88579222 2033.38140431    0.        ]
[  28.91261918   15.87405946 2031.8796103     0.        ]
[  28.89157109   15.90862052 2036.30342631    0.        ]
[  28.96258362   15.84709364 2028.42798539    0.        ]
[  28.87041599   15.8885707  2033.73704934    0.        ]
[  29.06797716   15.84278255 2027.876167      0.        ]
[  28.9598177    15.87145868 2031.54671044    0.        ]
[  29.09253062   15.81562842 2024.4004372     0.        ]
[  29.17366519   15.85726049 2029.72934313    0.        ]
[  29.10646271   15.85533256 2029.48256704    0.        ]
[  29.09002923   15.82626489 2025.7619057     0.        ]
[  29.11100883   15.82005538 2024.96708913    0.        ]
[  29.0666848    15.73851502 2014.52992232    0.        ]
[  29.10076399   15.70681833 2010.47274677    0.        ]
[  29.11238252   15.65065425 2003.28374461    0.        ]
[  29.09779851   15.63812792 2001.68037429    0.        ]
[  29.01147589   15.65342977 2003.63901012    0.        ]
[  29.00908388   15.65954755 2004.42208591    0.        ]
[  29.13538971   15.64916206 2003.09274391    0.        ]
[  29.04983537   15.6456702  2002.64578607    0.        ]
[  29.06356728   15.64163602 2002.1294104     0.        ]
[  29.0664903    15.65120097 2003.35372391    0.        ]
[  29.05047923   15.6869644  2007.93144279    0.        ]
[  29.21408509   15.5660835  1992.45868842    0.        ]
[  29.19909288   15.56486479 1992.30269348    0.        ]
[  29.31451906   15.58906418 1995.4002155     0.        ]
[  29.13369058   15.5813957  1994.41864961    0.        ]
[  29.22174332   15.56277935 1992.03575616    0.        ]
[  29.28333129   15.50711798 1984.9111016     0.        ]
[  29.17179932   15.53807799 1988.87398288    0.        ]
[  29.30857898   15.50147413 1984.18868873    0.        ]
[  29.30453543   15.51592536 1986.03844603    0.        ]
[  29.377245     15.49254363 1983.04558494    0.        ]
[  29.33203481   15.5161542  1986.06773702    0.        ]
[  29.48853161   15.46065829 1978.96426099    0.        ]
[  29.48205947   15.50919478 1985.17693241    0.        ]
[  29.42034661   15.48177558 1981.66727437    0.        ]
[  29.45655821   15.47845207 1981.24186501    0.        ]
[  29.48825351   15.44738476 1977.26524916    0.        ]
[  29.45646779   15.43329766 1975.46210045    0.        ]
[  29.41858795   15.49361783 1983.1830819     0.        ]
[  29.44607871   15.43243979 1975.35229258    0.        ]
[  29.44076569   15.44799769 1977.34370401    0.        ]
[  29.43583916   15.44245034 1976.63364411    0.        ]
[  29.46468185   15.43523918 1975.71061494    0.        ]
[  29.51963464   15.4215899  1973.96350735    0.        ]
[  29.52527674   15.44838985 1977.39390017    0.        ]
[  29.49104739   15.43750264 1976.00033761    0.        ]
[  29.49517368   15.42383526 1974.25091298    0.        ]
[  29.57296238   15.38062521 1968.72002627    0.        ]
[  29.52532027   15.40151747 1971.39423661    0.        ]
[  29.62817082   15.36112866 1966.2244689     0.        ]
[  29.61900335   15.32462543 1961.55205483    0.        ]
[  29.68479349   15.2956808  1957.847142      0.        ]
[  29.68755772   15.28777886 1956.83569368    0.        ]
[  29.60961972   15.33410209 1962.76506751    0.        ]
[  29.63717926   15.30794057 1959.41639279    0.        ]
[  29.72386801   15.25423718 1952.54235964    0.        ]
[  29.79263656   15.22761244 1949.1343928     0.        ]
[  29.75699258   15.25632345 1952.80940196    0.        ]
[  29.72000983   15.23481008 1950.05568985    0.        ]
[  29.72043419   15.24142408 1950.90228186    0.        ]
[  29.81110357   15.22608841 1948.93931614    0.        ]
[  29.81507709   15.22799349 1949.18316628    0.        ]
[  29.88752914   15.22207994 1948.42623238    0.        ]
[  29.87711635   15.2228337  1948.52271345    0.        ]
[  29.85399796   15.23636056 1950.25415224    0.        ]
[  29.91775131   15.22278761 1948.51681391    0.        ]
[  29.8735228    15.21148272 1947.06978778    0.        ]
[  29.80881794   15.23892796 1950.58277918    0.        ]
[  29.84204078   15.20860487 1946.70142294    0.        ]
[  29.83584144   15.22766256 1949.14080757    0.        ]
[  29.89951686   15.17560249 1942.4771191     0.        ]
[  29.93507934   15.17954117 1942.98126984    0.        ]
[  29.90915465   15.17374822 1942.23977238    0.        ]
[  29.88390869   15.19594327 1945.08073906    0.        ]
[  29.92140846   15.1561719  1939.99000357    0.        ]