[1.14098824e+01 1.28393710e+02 2.87422236e+04 0.00000000e+00]
[1.21890388e+01 1.29528807e+02 2.55719946e+04 0.00000000e+00]
[1.48273625e+01 1.32976695e+02 2.36801136e+04 0.00000000e+00]
[1.48871053e+01 1.30339631e+02 2.34915261e+04 0.00000000e+00]
[1.39372200e+01 1.30346627e+02 2.38524484e+04 0.00000000e+00]
[1.43476973e+01 1.29823467e+02 2.26076928e+04 0.00000000e+00]
[1.52784019e+01 1.30822643e+02 2.09019818e+04 0.00000000e+00]
[1.53570276e+01 1.32029714e+02 2.19568982e+04 0.00000000e+00]
[1.43848752e+01 1.33189523e+02 2.20234969e+04 0.00000000e+00]
[1.57326401e+01 1.31424724e+02 2.22139037e+04 0.00000000e+00]
[1.50428084e+01 1.29875790e+02 2.14067486e+04 0.00000000e+00]
[1.67718948e+01 1.29576086e+02 1.86059280e+04 0.00000000e+00]
[1.77651480e+01 1.30365542e+02 1.88292537e+04 0.00000000e+00]
[1.52773442e+01 1.29870665e+02 2.02197548e+04 0.00000000e+00]
[1.75720850e+01 1.29687794e+02 1.82426608e+04 0.00000000e+00]
[1.71590893e+01 1.28901028e+02 1.78208021e+04 0.00000000e+00]
[   18.01165035   128.08734305 17838.57745223     0.        ]
[1.74446479e+01 1.29731821e+02 1.88501450e+04 0.00000000e+00]
[1.74410426e+01 1.29028330e+02 1.79155192e+04 0.00000000e+00]
[   18.46828485   127.51450238 18417.36375576     0.        ]
[1.70463047e+01 1.27591070e+02 1.80084097e+04 0.00000000e+00]
[1.63737574e+01 1.28551782e+02 1.65645841e+04 0.00000000e+00]
[1.61821825e+01 1.27933305e+02 1.68830454e+04 0.00000000e+00]
[   17.5135645    127.84133858 14949.97292183     0.        ]
[   16.60146024   127.37428033 14166.10209546     0.        ]
[   16.0085662    127.22271792 13700.92144132     0.        ]
[   14.92132664   128.35817343 14332.65154828     0.        ]
[   16.54629062   127.68987469 13342.80450852     0.        ]
[   14.89547036   127.10489668 14316.93211722     0.        ]
[   17.51508251   128.47030473 13322.30392781     0.        ]
[   18.30134173   128.59671469 12904.47933959     0.        ]
[   20.31266542   127.9921198  12127.48186702     0.        ]
[   19.27464197   126.94937389 11162.65503524     0.        ]
[   18.68666892   127.16340414 11617.64989645     0.        ]
[   19.36799021   126.41571019 10222.95716479     0.        ]
[   19.75430752   126.34804363 10360.1046592      0.        ]
[   20.6687661    126.47285037 10187.84283563     0.        ]
[  21.06539019  125.17084682 9883.39491985    0.        ]
[  21.21886319  124.31834657 9990.27926969    0.        ]
[   19.29806176   125.47470096 10698.363804       0.        ]
[  20.15487243  125.45152085 9978.8261874     0.        ]
[   20.15191719   126.12186054 10661.84984638     0.        ]
[  20.48110217  125.2342364  9855.17883355    0.        ]
[  21.10912994  125.34352404 9802.58025584    0.        ]
[  21.30080888  125.90193896 9311.96763159    0.        ]
[  20.85463469  125.65629004 9342.13780897    0.        ]
[   21.04695498   125.3441395  10477.90258604     0.        ]
[  21.59489638  125.54495149 9257.69772617    0.        ]
[  21.73119661  125.2950924  9230.49673208    0.        ]
[  21.2559813   125.66872868 9527.77085269    0.        ]
[  23.27526525  125.61954662 8918.04223116    0.        ]
[  23.46933077  126.05370034 8538.77082784    0.        ]
[  23.43458731  126.1053474  8754.91132365    0.        ]
[  23.43162343  126.22795215 8545.92476477    0.        ]
[  24.3563845   126.26456412 8344.826432      0.        ]
[  24.11194324  126.16904037 8534.38487875    0.        ]
[  25.2423174   126.88243578 7646.2883489     0.        ]
[  25.00040461  126.67405574 7619.93577979    0.        ]
[  24.24193471  126.02783798 8227.70427242    0.        ]
[  24.89246677  127.62099509 8084.86450325    0.        ]
[  24.31618674  127.29375582 7563.65146841    0.        ]
[  25.93806384  127.15190432 7016.96990198    0.        ]
[  26.06463858  127.18590818 7171.83078676    0.        ]
[  26.3502525   127.45525772 6770.96494759    0.        ]
[  26.11369639  126.68012489 7149.50498326    0.        ]
[  25.95668777  126.87649713 7182.27168379    0.        ]
[  25.90668746  127.67522028 7013.10279322    0.        ]
[  26.0109715   127.10325791 7154.20602112    0.        ]
[  25.91979065  127.19823324 7232.60459953    0.        ]
[  25.26978701  126.94608745 7016.00060014    0.        ]
[  25.76862286  127.07404119 7447.27530639    0.        ]
[  27.19069416  127.47731041 6544.89997311    0.        ]
[  27.14954034  127.987933   6426.64403578    0.        ]
[  28.17721213  127.72227935 6316.46848823    0.        ]
[  29.08030621  127.36687473 6780.14004716    0.        ]
[  27.99638701  127.47080552 6508.66270621    0.        ]
[  27.16614228  127.40862628 6625.46847181    0.        ]
[  29.82955628  127.2946174  6775.27550762    0.        ]
[  27.36620045  127.85687063 6292.77659427    0.        ]
[  27.49912244  127.94751349 6248.7350291     0.        ]
[  28.2731292   127.98160822 6196.65452465    0.        ]
[  29.04215749  127.82064419 6359.1441177     0.        ]
[  28.88707425  128.37812989 6031.07090621    0.        ]
[  28.54113095  127.88923393 6251.01020256    0.        ]
[  28.29746235  128.47023574 5955.06318292    0.        ]
[  28.30403128  128.5539206  5978.92760068    0.        ]
[  27.81003514  129.1442889  5969.91823748    0.        ]
[  28.47099204  127.412306   6709.59165252    0.        ]
[  29.30482528  128.37848657 6035.82496556    0.        ]
[  28.74005488  128.29650766 6039.15069078    0.        ]
[  28.37200784  128.19585833 6005.02581392    0.        ]
[  28.39263949  128.22972669 5951.65835753    0.        ]
[  28.58566514  128.15385815 6100.31140921    0.        ]
[  27.77141728  128.06561574 5935.85260694    0.        ]
[  28.08095991  128.53597272 5666.26836644    0.        ]
[  28.41436798  128.29206741 5767.10059456    0.        ]
[  27.67711572  128.55583473 5700.04037256    0.        ]
[  27.65425788  128.24448024 5732.33657367    0.        ]
[  28.39360249  129.00750888 5543.39952693    0.        ]
[  29.05219425  129.08543777 5554.97891121    0.        ]
[  29.19709245  128.92108826 5557.36400646    0.        ]
[  28.26488589  128.86010551 5575.13260734    0.        ]
[  28.77800252  128.58439671 5678.44381421    0.        ]
[  28.85473198  129.47942178 5419.7782423     0.        ]
[  29.23838013  128.82281562 5595.99580622    0.        ]
[  28.81552666  128.90282503 5557.61399567    0.        ]
[  29.75363384  129.59483138 5355.88280408    0.        ]
[  30.19690952  129.87739906 5304.34772241    0.        ]
[  30.39560906  130.21533281 5302.56439181    0.        ]
[  30.82867158  130.52037357 5370.04441103    0.        ]
[  30.83010035  130.41530748 5291.56459434    0.        ]
[  31.56546316  130.50528665 5252.99324629    0.        ]
[  31.53052082  130.65468686 5289.34820346    0.        ]
[  31.39852135  130.73916133 5253.7118875     0.        ]
[  31.66827148  130.43422659 5246.73917349    0.        ]
[  32.53606039  131.23497465 5270.40989227    0.        ]
[  31.75437891  130.71863917 5222.88652157    0.        ]
[  31.04304267  130.91089069 5173.33148626    0.        ]
[  31.55941718  131.03904812 5195.24802118    0.        ]
[  31.16710949  131.72290494 5244.55423747    0.        ]
[  31.29994302  131.13826152 5215.65893315    0.        ]
[  32.34270632  130.76427882 5257.49662086    0.        ]
[  31.27314558  131.65737201 5206.62103912    0.        ]
[  30.89069745  130.95870879 5187.50378856    0.        ]
[  30.75150074  130.87552772 5154.34218406    0.        ]
[  30.78047935  131.04703387 5173.78058882    0.        ]
[  30.63209     130.66862495 5155.92716693    0.        ]
[  30.51190889  131.19524047 5169.68602714    0.        ]
[  31.2151991   131.15246756 5183.06900915    0.        ]
[  30.02694098  130.55712136 5115.99477694    0.        ]
[  29.30918512  130.13580722 5145.7173603     0.        ]
[  29.78483336  130.50570119 5075.99444197    0.        ]
[  29.63102695  130.74431326 5106.34801772    0.        ]
[  29.29701766  130.23132217 5119.46386408    0.        ]
[  30.08406542  130.65741294 5076.32014559    0.        ]
[  30.51149464  131.03318128 5090.22513859    0.        ]
[  30.21680452  130.55510188 5022.45343035    0.        ]
[  29.49147532  130.53460109 5026.06320381    0.        ]
[  29.95707882  130.64891866 5014.52097429    0.        ]
[  29.79056472  130.36610337 5046.31441364    0.        ]
[  28.7026209   130.40311784 5042.91646652    0.        ]
[  30.09136155  131.02436434 5082.17988114    0.        ]
[  30.57655576  130.2757681  5064.94053692    0.        ]
[  30.22140612  130.88790515 5025.99765343    0.        ]
[  29.85163728  130.93560856 5083.20731624    0.        ]
[  30.84447131  130.52763376 5051.00113677    0.        ]
[  29.6316502   130.47936407 4986.06432865    0.        ]
[  29.157645    130.65436058 5055.094942      0.        ]
[  29.89822156  130.81233575 4956.04273758    0.        ]
[  28.78295217  130.56343338 4983.43863798    0.        ]
[  30.10868688  130.6330696  4958.48441585    0.        ]
[  30.61292971  130.71446144 4955.06010387    0.        ]
[  30.51113685  130.37475731 4973.14819281    0.        ]
[  31.16349298  130.82493852 4948.61054239    0.        ]
[  31.10074043  130.63651418 4981.88084626    0.        ]
[  31.08458892  130.84935805 4918.90712979    0.        ]
[  31.67661477  130.7749009  4936.94037882    0.        ]
[  31.48648428  130.72796827 4940.43112858    0.        ]
[  31.84061688  131.21196611 4949.91627784    0.        ]
[  31.45466308  130.76619606 4964.83468701    0.        ]
[  30.97380055  130.71416585 4925.1791548     0.        ]
[  30.84965628  130.79754682 4890.27912816    0.        ]
[  30.76446171  130.48844059 4904.18498734    0.        ]
[  29.88603619  130.61302781 4882.22765974    0.        ]
[  30.30950087  130.91591731 4842.90328987    0.        ]
[  29.88533735  130.70103323 4845.78936787    0.        ]
[  30.14681194  130.92698775 4837.43900989    0.        ]
[  30.2220578   131.29456606 4879.8775125     0.        ]
[  29.65210087  130.76692231 4848.38197151    0.        ]
[  30.60629247  131.17509732 4839.03969315    0.        ]
[  29.6986789   130.80524014 4850.28258329    0.        ]
[  30.42944682  130.85040526 4835.80875282    0.        ]
[  30.26380251  130.58088212 4857.98033367    0.        ]
[  30.23776132  130.44837228 4855.11180854    0.        ]
[  30.61904006  130.97512585 4806.49823974    0.        ]
[  30.44243106  130.97921531 4800.40487661    0.        ]
[  30.65017464  131.02023588 4773.68665742    0.        ]
[  30.54178869  130.94273139 4761.21437274    0.        ]
[  30.92288844  131.25529638 4796.32250341    0.        ]
[  30.66991607  130.94645122 4748.18562059    0.        ]
[  31.06504283  131.13830377 4724.24484812    0.        ]
[  31.20659574  130.89039501 4735.80802953    0.        ]
[  30.91070059  131.30912671 4732.39448554    0.        ]
[  31.38687153  131.05062197 4732.5109671     0.        ]
[  30.68059636  131.43429768 4749.47104081    0.        ]
[  31.20666476  130.88407733 4747.76047972    0.        ]
[  31.30030024  131.21150669 4736.54785041    0.        ]
[  31.58235391  131.38455403 4753.94172551    0.        ]
[  31.09160982  131.37468021 4742.76246396    0.        ]
[  31.016013    131.26883325 4744.8166293     0.        ]
[  30.8318779   131.02951534 4702.62778528    0.        ]
[  30.88172331  131.08122891 4691.15650547    0.        ]
[  31.52536322  131.21569635 4696.91007055    0.        ]
[  31.15672772  131.16435934 4698.57190187    0.        ]
[  31.11017339  131.35464568 4708.31793825    0.        ]
[  30.45167463  130.97933264 4686.05387629    0.        ]
[  30.80509216  131.10807258 4702.77596664    0.        ]
[  30.6656494   130.87401266 4679.2567542     0.        ]
[  30.45603637  130.7935737  4674.4841686     0.        ]
[  30.35268018  130.67491936 4676.64343808    0.        ]
[  30.61713998  130.73815319 4668.74252423    0.        ]
[  30.38941448  130.86226511 4648.63786814    0.        ]
[  30.03095311  130.6174608  4648.4937878     0.        ]
[  29.96239975  130.82122765 4646.16112784    0.        ]
[  29.8132257   130.7723585  4682.14404562    0.        ]
[  29.79809169  130.77193751 4652.83923508    0.        ]
[  29.90264025  130.64692309 4674.03869571    0.        ]
[  29.98877547  130.98499696 4676.78053444    0.        ]
[  29.94992467  131.00148726 4671.24647372    0.        ]
[  29.79357595  131.08031077 4655.3332234     0.        ]
[  29.93687368  130.51369551 4652.05771175    0.        ]
[  29.93406714  130.72698048 4632.5032944     0.        ]
[  29.87750972  130.70173961 4614.57422594    0.        ]
[  29.97830429  130.68037922 4635.84204312    0.        ]
[  29.80359325  130.81189286 4623.92798316    0.        ]
[  29.88095403  130.48368595 4618.74045246    0.        ]
[  30.22416194  130.79111014 4599.22957737    0.        ]
[  30.39524576  130.82768382 4602.60635647    0.        ]
[  30.02547597  130.67682791 4601.83521684    0.        ]
[  30.18279789  131.21313741 4645.66774651    0.        ]
[  30.52450627  130.97113918 4596.15310165    0.        ]
[  30.41289997  131.01559593 4600.98126132    0.        ]
[  30.83202159  130.9790589  4590.9566396     0.        ]
[  30.78410238  131.10808055 4606.4185147     0.        ]
[  31.00871511  131.10643144 4602.77291299    0.        ]
[  30.95760779  131.04669702 4599.96405295    0.        ]
[  30.91054601  131.03328776 4597.36615193    0.        ]
[  30.70025903  130.98217219 4575.98949153    0.        ]
[  30.96297783  130.91091472 4588.04236355    0.        ]
[  30.64299873  131.06366382 4597.94299328    0.        ]
[  30.89538873  130.92883474 4574.22754603    0.        ]
[  30.8621901   130.95969979 4576.26744825    0.        ]
[  30.67887541  130.84303386 4571.3411649     0.        ]
[  30.59836355  130.84558156 4547.73361471    0.        ]
[  30.75024096  130.94908669 4533.28325461    0.        ]
[  30.8727391   131.00059052 4536.74954438    0.        ]
[  30.81492705  130.68877889 4530.89627619    0.        ]
[  30.81093342  130.70194022 4515.21901217    0.        ]
[  30.535555    130.719444   4513.88324095    0.        ]
[  30.57782943  130.75561993 4504.92277898    0.        ]
[  30.86390574  130.94153572 4498.99231794    0.        ]
[  30.84668697  130.85739965 4484.41395388    0.        ]
[  30.86685835  130.94201668 4470.81962687    0.        ]
[  30.88078994  131.01649359 4482.60631847    0.        ]
[  30.89749944  130.89225704 4473.46343642    0.        ]
[  30.62955905  130.83247361 4457.92865222    0.        ]
[  30.53025375  130.97355671 4474.45665179    0.        ]
[  30.77588778  130.91792918 4442.62471653    0.        ]
[  30.80267968  130.84540264 4445.05571306    0.        ]
[  30.70622067  130.9481204  4457.92328105    0.        ]
[  30.76347156  130.95517874 4449.49872358    0.        ]
[  30.57751246  131.02917861 4448.9715043     0.        ]
[  30.88241597  131.00313334 4446.23594594    0.        ]
[  30.8713133   130.85595218 4453.97872676    0.        ]
[  30.4363      130.93532337 4454.65091721    0.        ]
[  30.84420888  130.91154158 4449.03097401    0.        ]
[  30.75707741  130.88654654 4444.55000341    0.        ]
[  30.84616571  130.89164918 4453.16376726    0.        ]
[  30.74217141  130.86578923 4451.1621854     0.        ]
[  30.63164403  130.91245409 4451.263819      0.        ]
[  30.63975188  131.03082146 4447.78470457    0.        ]
[  30.85662709  130.88994926 4443.81808149    0.        ]
[  30.75841838  131.01787455 4451.00751183    0.        ]
[  30.75826872  130.92913181 4428.45076844    0.        ]
[  30.95283073  131.03523266 4436.58743163    0.        ]
[  30.59844947  130.9766282  4432.06852753    0.        ]
[  30.60713046  130.88523249 4440.09542953    0.        ]
[  30.8120198   130.95922204 4437.20428131    0.        ]
[  30.91437441  130.93004229 4431.06409728    0.        ]
[  30.7053599   130.94632657 4428.00515373    0.        ]
[  30.80932783  131.02202667 4420.1934539     0.        ]
[  30.89685651  131.16522858 4429.3849684     0.        ]
[  30.81889761  131.02785398 4409.28462881    0.        ]
[  30.76584938  131.02534126 4405.74683348    0.        ]
[  30.92013243  131.18253951 4419.22593488    0.        ]
[  30.57510023  131.01343509 4401.19374521    0.        ]
[  30.70029864  131.05416299 4406.62649124    0.        ]
[  30.72696655  130.9638284  4402.41768383    0.        ]
[  30.49218936  131.08300517 4416.52685815    0.        ]
[  30.70714182  130.97796702 4389.2599037     0.        ]
[  30.7632122   130.93592693 4385.13270999    0.        ]
[  30.61755985  130.93279419 4371.55423407    0.        ]
[  30.79508702  130.9369533  4369.78667284    0.        ]
[  30.79732678  130.95700843 4371.27373663    0.        ]
[  30.88762118  130.94029871 4381.07044758    0.        ]
[  30.7921729   130.94813881 4375.17730331    0.        ]
[  30.97415651  131.01367731 4367.62563065    0.        ]
[  30.8701572   130.92512017 4361.26014283    0.        ]
[  30.89489756  130.92881728 4365.19034622    0.        ]
[  30.83028462  130.890523   4364.05396782    0.        ]
[  30.77707276  130.95068257 4363.07867914    0.        ]
[  30.88363628  130.97086266 4373.67414742    0.        ]
[  30.7738018   130.98677852 4359.56960555    0.        ]
[  30.85000888  130.99057402 4358.61720444    0.        ]
[  30.92279251  131.09819903 4357.80393207    0.        ]
[  31.10110201  131.03006664 4359.26737506    0.        ]
[  30.91357982  131.03211834 4353.45596543    0.        ]
[  30.88890081  130.97782655 4354.6994094     0.        ]
[  30.92260809  130.95976251 4359.6086709     0.        ]
[  31.13192796  131.09594374 4359.72304273    0.        ]
[  31.06951192  131.05857021 4356.73288153    0.        ]