[1.14098824e+01 7.81899068e-18 2.50018448e-02 0.00000000e+00]
[1.10032359e+01 6.56448241e-06 2.21655182e-02 0.00000000e+00]
[1.08684183e+01 4.99903987e-06 2.21763857e-02 0.00000000e+00]
[1.05644270e+01 2.09721628e-05 2.08581115e-02 0.00000000e+00]
[1.06269127e+01 2.20552936e-05 2.08606004e-02 0.00000000e+00]
[1.04284139e+01 1.98511375e-05 2.07583233e-02 0.00000000e+00]
[1.01971474e+01 1.20513339e-05 2.10034557e-02 0.00000000e+00]
[1.02985660e+01 9.80792443e-06 2.16673994e-02 0.00000000e+00]
[1.03483558e+01 1.36106930e-05 2.20387950e-02 0.00000000e+00]
[1.04205533e+01 1.97596582e-05 2.12352684e-02 0.00000000e+00]
[1.05371293e+01 1.53729750e-05 2.15981177e-02 0.00000000e+00]
[1.04035273e+01 1.54679679e-05 2.16105509e-02 0.00000000e+00]
[1.03618625e+01 1.40433398e-05 2.24107626e-02 0.00000000e+00]
[1.04211884e+01 6.98168600e-06 2.20820847e-02 0.00000000e+00]
[1.05640339e+01 9.98961016e-06 2.27195282e-02 0.00000000e+00]
[1.04678213e+01 1.05048399e-05 2.25194633e-02 0.00000000e+00]
[1.03934149e+01 6.24586919e-06 2.14927308e-02 0.00000000e+00]
[1.06551752e+01 5.20779354e-06 2.09955485e-02 0.00000000e+00]
[1.06751175e+01 8.85295315e-06 2.09113687e-02 0.00000000e+00]
[1.06998218e+01 8.42586734e-06 2.04988573e-02 0.00000000e+00]
[1.09018755e+01 5.70273397e-06 2.12032658e-02 0.00000000e+00]
[1.08150952e+01 5.14623829e-06 2.11329450e-02 0.00000000e+00]
[1.08169983e+01 6.40902220e-06 2.15831155e-02 0.00000000e+00]
[1.05592185e+01 1.29296488e-05 2.16423649e-02 0.00000000e+00]
[1.03384166e+01 1.12293582e-05 2.16616773e-02 0.00000000e+00]
[1.01493172e+01 8.48224032e-06 2.14027632e-02 0.00000000e+00]
[1.00707308e+01 1.42613328e-05 2.06315288e-02 0.00000000e+00]
[1.02155243e+01 9.72226999e-06 2.12663022e-02 0.00000000e+00]
[1.00123983e+01 1.39103160e-05 2.06329580e-02 0.00000000e+00]
[9.97801494e+00 1.08973394e-05 2.08227202e-02 0.00000000e+00]
[9.99626051e+00 1.38825390e-05 2.05196925e-02 0.00000000e+00]
[9.96906027e+00 1.64481572e-05 2.03628335e-02 0.00000000e+00]
[9.93464736e+00 2.56924304e-05 2.04480874e-02 0.00000000e+00]
[9.87602233e+00 2.61195607e-05 2.05592406e-02 0.00000000e+00]
[9.99034659e+00 3.90734431e-05 2.01974789e-02 0.00000000e+00]
[9.92123703e+00 3.85978933e-05 2.00619619e-02 0.00000000e+00]
[1.00504952e+01 5.40077089e-05 1.96602445e-02 0.00000000e+00]
[9.93491519e+00 6.77217313e-05 1.90789619e-02 0.00000000e+00]
[1.00534790e+01 5.93687140e-05 1.92196647e-02 0.00000000e+00]
[1.00767483e+01 5.97807207e-05 1.90959569e-02 0.00000000e+00]
[1.02194003e+01 5.54923825e-05 1.90732821e-02 0.00000000e+00]
[1.00285445e+01 5.29165943e-05 1.89958178e-02 0.00000000e+00]
[1.00813509e+01 6.72859232e-05 1.88905249e-02 0.00000000e+00]
[1.01528836e+01 6.77737988e-05 1.89020193e-02 0.00000000e+00]
[1.00487586e+01 6.60196249e-05 1.89461548e-02 0.00000000e+00]
[1.00882443e+01 8.31339581e-05 1.88920121e-02 0.00000000e+00]
[9.97535704e+00 9.62983847e-05 1.85356332e-02 0.00000000e+00]
[1.01958810e+01 8.31189025e-05 1.84653650e-02 0.00000000e+00]
[1.00273093e+01 7.59900204e-05 1.84573472e-02 0.00000000e+00]
[9.95116676e+00 6.27930733e-05 1.85549349e-02 0.00000000e+00]
[9.99358798e+00 4.95030233e-05 1.85964188e-02 0.00000000e+00]
[9.95728660e+00 6.08907440e-05 1.85017337e-02 0.00000000e+00]
[1.00848622e+01 6.46876672e-05 1.85345503e-02 0.00000000e+00]
[1.00554278e+01 8.72500746e-05 1.84857810e-02 0.00000000e+00]
[1.01003537e+01 8.74059222e-05 1.85926360e-02 0.00000000e+00]
[9.89005981e+00 8.91578362e-05 1.84895674e-02 0.00000000e+00]
[9.80423475e+00 9.24267499e-05 1.84363721e-02 0.00000000e+00]
[9.74809640e+00 1.10231443e-04 1.81618336e-02 0.00000000e+00]
[9.66220181e+00 9.98381708e-05 1.82658197e-02 0.00000000e+00]
[9.61945083e+00 6.79262845e-05 1.84806072e-02 0.00000000e+00]
[9.59639531e+00 6.03423043e-05 1.86796280e-02 0.00000000e+00]
[9.58594347e+00 5.65186827e-05 1.87566573e-02 0.00000000e+00]
[9.60414841e+00 6.19460517e-05 1.87835714e-02 0.00000000e+00]
[9.45994040e+00 6.19801971e-05 1.87283710e-02 0.00000000e+00]
[9.37055783e+00 7.21958840e-05 1.85221803e-02 0.00000000e+00]
[9.27868727e+00 6.94457851e-05 1.83716040e-02 0.00000000e+00]
[9.33470844e+00 6.66181164e-05 1.84256612e-02 0.00000000e+00]
[9.41529096e+00 6.24951149e-05 1.85631306e-02 0.00000000e+00]
[9.39529805e+00 4.92733210e-05 1.87411793e-02 0.00000000e+00]
[9.37242800e+00 6.16499505e-05 1.85331380e-02 0.00000000e+00]
[9.36152541e+00 5.47796000e-05 1.84690569e-02 0.00000000e+00]
[9.32799248e+00 5.38888878e-05 1.84204816e-02 0.00000000e+00]
[9.14711411e+00 6.73640633e-05 1.82652744e-02 0.00000000e+00]
[9.16997202e+00 6.59098486e-05 1.84205526e-02 0.00000000e+00]
[9.09455156e+00 6.70307985e-05 1.84846660e-02 0.00000000e+00]
[9.10034002e+00 6.23165954e-05 1.85853401e-02 0.00000000e+00]
[9.08498305e+00 4.90560322e-05 1.88259406e-02 0.00000000e+00]
[9.15332890e+00 4.41746635e-05 1.89037025e-02 0.00000000e+00]
[9.18843767e+00 4.60595455e-05 1.90036405e-02 0.00000000e+00]
[9.13288634e+00 4.63468288e-05 1.89412066e-02 0.00000000e+00]
[9.10022783e+00 4.57991477e-05 1.90812699e-02 0.00000000e+00]
[9.17340885e+00 3.80832360e-05 1.92254511e-02 0.00000000e+00]
[9.15811803e+00 2.78189033e-05 1.94600221e-02 0.00000000e+00]
[9.12955905e+00 3.51429698e-05 1.92279246e-02 0.00000000e+00]
[9.06919990e+00 3.78464022e-05 1.91301429e-02 0.00000000e+00]
[9.12484062e+00 3.52411450e-05 1.93193989e-02 0.00000000e+00]
[9.03141612e+00 2.93883653e-05 1.94410783e-02 0.00000000e+00]
[9.01608516e+00 2.29248266e-05 1.96846171e-02 0.00000000e+00]
[8.91723126e+00 2.45930242e-05 1.96165325e-02 0.00000000e+00]
[8.96324438e+00 2.11664884e-05 1.98938842e-02 0.00000000e+00]
[8.96280823e+00 1.88023447e-05 1.98691667e-02 0.00000000e+00]
[8.91149291e+00 2.05311578e-05 1.98504694e-02 0.00000000e+00]
[8.93809613e+00 2.23285710e-05 1.97447046e-02 0.00000000e+00]
[8.88109351e+00 2.39694232e-05 1.96784202e-02 0.00000000e+00]
[9.04189764e+00 2.38946168e-05 1.96429287e-02 0.00000000e+00]
[9.10350888e+00 1.58241040e-05 2.00691436e-02 0.00000000e+00]
[9.05301964e+00 1.71861960e-05 1.98434303e-02 0.00000000e+00]
[9.07033430e+00 1.47782012e-05 2.00416149e-02 0.00000000e+00]
[9.06719553e+00 1.40513946e-05 2.01109988e-02 0.00000000e+00]
[9.13266705e+00 1.16970612e-05 2.02542643e-02 0.00000000e+00]
[9.07299946e+00 1.06548994e-05 2.04562965e-02 0.00000000e+00]
[9.08006530e+00 1.04189127e-05 2.04130562e-02 0.00000000e+00]
[9.01184891e+00 1.08972802e-05 2.04048694e-02 0.00000000e+00]
[8.94628525e+00 1.24506095e-05 2.02047468e-02 0.00000000e+00]
[8.99305675e+00 1.11748549e-05 2.03343382e-02 0.00000000e+00]
[9.08416329e+00 8.72293627e-06 2.06282579e-02 0.00000000e+00]
[9.04815964e+00 9.34027287e-06 2.05078267e-02 0.00000000e+00]
[9.03780321e+00 1.10733479e-05 2.02227996e-02 0.00000000e+00]
[9.07650387e+00 9.61343846e-06 2.04758728e-02 0.00000000e+00]
[9.10112008e+00 8.30338671e-06 2.09951874e-02 0.00000000e+00]
[9.03175030e+00 9.54184302e-06 2.10031779e-02 0.00000000e+00]
[8.99540725e+00 1.09888251e-05 2.07711135e-02 0.00000000e+00]
[9.08217700e+00 9.43757149e-06 2.10997061e-02 0.00000000e+00]
[9.03148136e+00 9.28830868e-06 2.08935634e-02 0.00000000e+00]
[9.05311510e+00 8.82459067e-06 2.10910376e-02 0.00000000e+00]
[9.06253614e+00 9.74826291e-06 2.12504963e-02 0.00000000e+00]
[9.08417005e+00 1.03145295e-05 2.10160507e-02 0.00000000e+00]
[9.00415005e+00 1.33964584e-05 2.09922976e-02 0.00000000e+00]
[8.90031330e+00 2.03732013e-05 2.10071721e-02 0.00000000e+00]
[8.92855584e+00 2.13299398e-05 2.07316810e-02 0.00000000e+00]
[9.02998306e+00 2.46013424e-05 2.11510323e-02 0.00000000e+00]
[9.01840936e+00 1.47393922e-05 2.13731453e-02 0.00000000e+00]
[9.06615223e+00 1.62134166e-05 2.14044834e-02 0.00000000e+00]
[9.08353563e+00 2.12507441e-05 2.13939882e-02 0.00000000e+00]
[9.11335809e+00 2.20157008e-05 2.16384082e-02 0.00000000e+00]
[9.06685107e+00 2.13988829e-05 2.13271549e-02 0.00000000e+00]
[9.12202965e+00 1.67338539e-05 2.11568890e-02 0.00000000e+00]
[9.09439771e+00 1.75024164e-05 2.10750341e-02 0.00000000e+00]
[9.05927869e+00 1.94826820e-05 2.08337966e-02 0.00000000e+00]
[9.02109101e+00 1.85700663e-05 2.05888038e-02 0.00000000e+00]
[9.04066984e+00 1.54107071e-05 2.05087194e-02 0.00000000e+00]
[9.06260124e+00 1.46894101e-05 2.05206901e-02 0.00000000e+00]
[9.01346131e+00 1.19109375e-05 2.06349527e-02 0.00000000e+00]
[9.07828990e+00 1.05912324e-05 2.07248014e-02 0.00000000e+00]
[9.08473476e+00 1.18039490e-05 2.05981888e-02 0.00000000e+00]
[9.08174652e+00 1.41542530e-05 2.03230107e-02 0.00000000e+00]
[9.12454836e+00 1.22478839e-05 2.04215014e-02 0.00000000e+00]
[9.15966153e+00 1.14561019e-05 2.04460421e-02 0.00000000e+00]
[9.12568783e+00 1.19081493e-05 2.03931441e-02 0.00000000e+00]
[9.14791761e+00 1.04226309e-05 2.05362983e-02 0.00000000e+00]
[9.10407032e+00 1.02754504e-05 2.06213160e-02 0.00000000e+00]
[9.09315030e+00 9.68397051e-06 2.07284773e-02 0.00000000e+00]
[9.07442834e+00 9.28045824e-06 2.06786031e-02 0.00000000e+00]
[9.17386849e+00 8.42405455e-06 2.08774416e-02 0.00000000e+00]
[9.13953152e+00 8.26474322e-06 2.09053060e-02 0.00000000e+00]
[9.16461062e+00 8.63566826e-06 2.08440948e-02 0.00000000e+00]
[9.14251656e+00 9.39825990e-06 2.07231545e-02 0.00000000e+00]
[9.09129912e+00 1.08771988e-05 2.04913348e-02 0.00000000e+00]
[9.02404358e+00 1.28737470e-05 2.03292797e-02 0.00000000e+00]
[8.95609122e+00 1.45334799e-05 2.01934119e-02 0.00000000e+00]
[8.91092117e+00 1.52388139e-05 2.01018636e-02 0.00000000e+00]
[8.88625481e+00 1.52990008e-05 2.01082257e-02 0.00000000e+00]
[8.85828006e+00 1.59507255e-05 2.00227914e-02 0.00000000e+00]
[8.91850217e+00 1.66025817e-05 1.99557082e-02 0.00000000e+00]
[8.90696919e+00 1.77846281e-05 1.98478989e-02 0.00000000e+00]
[8.90093525e+00 1.57028146e-05 2.00155328e-02 0.00000000e+00]
[8.92145104e+00 1.45257880e-05 2.01619412e-02 0.00000000e+00]
[8.89491748e+00 1.40978452e-05 2.01923001e-02 0.00000000e+00]
[8.87207373e+00 1.57708304e-05 2.01308437e-02 0.00000000e+00]
[8.85009968e+00 1.59825492e-05 2.00843539e-02 0.00000000e+00]
[8.78315877e+00 1.73533321e-05 1.99588219e-02 0.00000000e+00]
[8.77937041e+00 1.62313204e-05 2.00043687e-02 0.00000000e+00]
[8.77709406e+00 1.60169688e-05 1.99915177e-02 0.00000000e+00]
[8.83372727e+00 1.69543542e-05 1.99330960e-02 0.00000000e+00]
[8.89708593e+00 1.86756506e-05 1.98137007e-02 0.00000000e+00]
[8.85170707e+00 1.84102092e-05 1.98062653e-02 0.00000000e+00]
[8.89146962e+00 1.96994655e-05 1.97101502e-02 0.00000000e+00]
[8.92519516e+00 1.88984423e-05 1.97192444e-02 0.00000000e+00]
[8.91748457e+00 1.78057345e-05 1.97876872e-02 0.00000000e+00]
[8.85248177e+00 1.79582966e-05 1.98079104e-02 0.00000000e+00]
[8.85121587e+00 1.91392945e-05 1.97285814e-02 0.00000000e+00]
[8.83896382e+00 1.98569161e-05 1.96951026e-02 0.00000000e+00]
[8.83185004e+00 1.88026771e-05 1.97983727e-02 0.00000000e+00]
[8.77931257e+00 2.09233286e-05 1.96659094e-02 0.00000000e+00]
[8.72333454e+00 2.41455977e-05 1.95217183e-02 0.00000000e+00]
[8.75368011e+00 2.22548865e-05 1.95840453e-02 0.00000000e+00]
[8.74886092e+00 2.27418299e-05 1.95493055e-02 0.00000000e+00]
[8.74467813e+00 2.38033398e-05 1.95160818e-02 0.00000000e+00]
[8.78199477e+00 2.22714049e-05 1.95804661e-02 0.00000000e+00]
[8.74494497e+00 2.17538226e-05 1.96085752e-02 0.00000000e+00]
[8.70075737e+00 2.24746136e-05 1.96013328e-02 0.00000000e+00]
[8.69520386e+00 2.21466235e-05 1.95982498e-02 0.00000000e+00]
[8.73385410e+00 2.30997091e-05 1.95266326e-02 0.00000000e+00]
[8.72647526e+00 2.31715821e-05 1.95921937e-02 0.00000000e+00]
[8.73601060e+00 2.29643031e-05 1.95629404e-02 0.00000000e+00]
[8.73837748e+00 2.33492270e-05 1.95464899e-02 0.00000000e+00]
[8.78245253e+00 2.05368246e-05 1.96765070e-02 0.00000000e+00]
[8.78885456e+00 2.13091463e-05 1.96737626e-02 0.00000000e+00]
[8.81681878e+00 2.06885589e-05 1.96948848e-02 0.00000000e+00]
[8.87261625e+00 2.08695689e-05 1.96537511e-02 0.00000000e+00]
[8.83542307e+00 2.13272237e-05 1.96096795e-02 0.00000000e+00]
[8.88523955e+00 2.01022540e-05 1.96504434e-02 0.00000000e+00]
[8.90573918e+00 2.02216522e-05 1.96712925e-02 0.00000000e+00]
[8.92163294e+00 1.92855050e-05 1.97717081e-02 0.00000000e+00]
[8.93992336e+00 2.04688596e-05 1.97239612e-02 0.00000000e+00]
[8.90437331e+00 1.99400255e-05 1.97713934e-02 0.00000000e+00]
[8.87677579e+00 2.04972465e-05 1.97158833e-02 0.00000000e+00]
[8.86618632e+00 2.08121793e-05 1.97046767e-02 0.00000000e+00]
[8.87628708e+00 2.12413608e-05 1.96498604e-02 0.00000000e+00]
[8.87106512e+00 2.08623979e-05 1.96346259e-02 0.00000000e+00]
[8.89626520e+00 2.06479064e-05 1.96266498e-02 0.00000000e+00]
[8.88591660e+00 2.12213149e-05 1.95670554e-02 0.00000000e+00]
[8.84825624e+00 2.14309094e-05 1.95516436e-02 0.00000000e+00]
[8.83509655e+00 2.24252454e-05 1.95023863e-02 0.00000000e+00]
[8.84765985e+00 2.25690260e-05 1.95041933e-02 0.00000000e+00]
[8.85871240e+00 2.13346998e-05 1.95607215e-02 0.00000000e+00]
[8.89104864e+00 1.96199045e-05 1.96614429e-02 0.00000000e+00]
[8.87080707e+00 1.94888523e-05 1.96784054e-02 0.00000000e+00]
[8.87760103e+00 1.88254997e-05 1.97412020e-02 0.00000000e+00]
[8.87346183e+00 1.76708182e-05 1.98053268e-02 0.00000000e+00]
[8.92282951e+00 1.60178819e-05 1.98937256e-02 0.00000000e+00]
[8.91000107e+00 1.59407200e-05 1.99290996e-02 0.00000000e+00]
[8.91510797e+00 1.55637370e-05 1.99666374e-02 0.00000000e+00]
[8.93517309e+00 1.45269378e-05 2.00470574e-02 0.00000000e+00]
[8.94441056e+00 1.41901867e-05 2.00805370e-02 0.00000000e+00]
[8.93479257e+00 1.38012676e-05 2.01246408e-02 0.00000000e+00]
[8.92312813e+00 1.40916141e-05 2.00799452e-02 0.00000000e+00]
[8.91094019e+00 1.44120858e-05 2.00745430e-02 0.00000000e+00]
[8.90333282e+00 1.40993104e-05 2.01072624e-02 0.00000000e+00]
[8.92072033e+00 1.40425903e-05 2.01278644e-02 0.00000000e+00]
[8.91579087e+00 1.38503296e-05 2.01760310e-02 0.00000000e+00]
[8.91621809e+00 1.36364717e-05 2.01717822e-02 0.00000000e+00]
[8.89273963e+00 1.45897476e-05 2.00897396e-02 0.00000000e+00]
[8.89714439e+00 1.46285091e-05 2.00956226e-02 0.00000000e+00]
[8.90047759e+00 1.44667726e-05 2.01173961e-02 0.00000000e+00]
[8.89901101e+00 1.43237079e-05 2.01168901e-02 0.00000000e+00]
[8.90161977e+00 1.35139251e-05 2.01588818e-02 0.00000000e+00]
[8.90568193e+00 1.32712245e-05 2.01799361e-02 0.00000000e+00]
[8.92110876e+00 1.30125336e-05 2.02053289e-02 0.00000000e+00]
[8.92095679e+00 1.32591921e-05 2.01903111e-02 0.00000000e+00]
[8.93405790e+00 1.32849009e-05 2.01875597e-02 0.00000000e+00]
[8.93597936e+00 1.36766863e-05 2.01449872e-02 0.00000000e+00]
[8.92763990e+00 1.38365785e-05 2.01419306e-02 0.00000000e+00]
[8.91934969e+00 1.39057791e-05 2.01344839e-02 0.00000000e+00]
[8.95138367e+00 1.25892043e-05 2.02213090e-02 0.00000000e+00]
[8.93282247e+00 1.20726390e-05 2.02951020e-02 0.00000000e+00]
[8.95119144e+00 1.12787980e-05 2.04114344e-02 0.00000000e+00]
[8.92847096e+00 1.17293785e-05 2.03467199e-02 0.00000000e+00]
[8.92881987e+00 1.13871459e-05 2.03723499e-02 0.00000000e+00]
[8.93801754e+00 1.11683820e-05 2.04104155e-02 0.00000000e+00]
[8.90917588e+00 1.17071822e-05 2.03412210e-02 0.00000000e+00]
[8.90367568e+00 1.17580332e-05 2.03429179e-02 0.00000000e+00]
[8.88473313e+00 1.19145476e-05 2.03399764e-02 0.00000000e+00]
[8.87101623e+00 1.20257170e-05 2.03143771e-02 0.00000000e+00]
[8.87022657e+00 1.24039793e-05 2.02539092e-02 0.00000000e+00]
[8.87253190e+00 1.27462937e-05 2.02050205e-02 0.00000000e+00]
[8.88945630e+00 1.27493678e-05 2.02024891e-02 0.00000000e+00]
[8.89267435e+00 1.25241453e-05 2.02314642e-02 0.00000000e+00]
[8.91506408e+00 1.22269394e-05 2.02574598e-02 0.00000000e+00]
[8.91671576e+00 1.22705051e-05 2.02441092e-02 0.00000000e+00]
[8.95025662e+00 1.19540603e-05 2.02781691e-02 0.00000000e+00]
[8.93688057e+00 1.20827560e-05 2.02628756e-02 0.00000000e+00]
[8.94679181e+00 1.17983319e-05 2.02846486e-02 0.00000000e+00]
[8.95928634e+00 1.17439885e-05 2.02799994e-02 0.00000000e+00]
[8.97446061e+00 1.13806461e-05 2.03385537e-02 0.00000000e+00]
[8.95236760e+00 1.18452969e-05 2.02913045e-02 0.00000000e+00]
[8.95904386e+00 1.18145746e-05 2.03090937e-02 0.00000000e+00]
[8.93272663e+00 1.23917956e-05 2.02548813e-02 0.00000000e+00]
[8.93746940e+00 1.23401353e-05 2.02586977e-02 0.00000000e+00]
[8.92225830e+00 1.29800391e-05 2.01950260e-02 0.00000000e+00]
[8.92029374e+00 1.34343142e-05 2.01596797e-02 0.00000000e+00]
[8.90151585e+00 1.34612053e-05 2.01301741e-02 0.00000000e+00]
[8.91502620e+00 1.36225159e-05 2.01155113e-02 0.00000000e+00]
[8.91957339e+00 1.30423963e-05 2.01527712e-02 0.00000000e+00]
[8.92533864e+00 1.31654777e-05 2.01430777e-02 0.00000000e+00]
[8.92667653e+00 1.32041063e-05 2.01392762e-02 0.00000000e+00]
[8.90485277e+00 1.31267715e-05 2.01434832e-02 0.00000000e+00]
[8.90803902e+00 1.38310654e-05 2.00645803e-02 0.00000000e+00]
[8.89981235e+00 1.44888291e-05 2.00086629e-02 0.00000000e+00]
[8.90717885e+00 1.43020315e-05 2.00396109e-02 0.00000000e+00]
[8.89629727e+00 1.46621552e-05 1.99922232e-02 0.00000000e+00]
[8.88785771e+00 1.51519290e-05 1.99541109e-02 0.00000000e+00]
[8.88155449e+00 1.52392357e-05 1.99546816e-02 0.00000000e+00]
[8.87249581e+00 1.54415179e-05 1.99226569e-02 0.00000000e+00]
[8.85335664e+00 1.54843916e-05 1.99283387e-02 0.00000000e+00]
[8.84730576e+00 1.58410250e-05 1.99109961e-02 0.00000000e+00]
[8.81968306e+00 1.64930225e-05 1.98384728e-02 0.00000000e+00]
[8.81605673e+00 1.63721301e-05 1.98138760e-02 0.00000000e+00]
[8.82170087e+00 1.60092954e-05 1.98171842e-02 0.00000000e+00]
[8.83307718e+00 1.54292790e-05 1.98868779e-02 0.00000000e+00]
[8.83398745e+00 1.59452155e-05 1.98383027e-02 0.00000000e+00]
[8.82579648e+00 1.63568200e-05 1.98157302e-02 0.00000000e+00]
[8.81969364e+00 1.64941358e-05 1.98123661e-02 0.00000000e+00]
[8.83316404e+00 1.62349923e-05 1.98464020e-02 0.00000000e+00]
[8.83010767e+00 1.68046299e-05 1.97974868e-02 0.00000000e+00]
[8.81574921e+00 1.65087654e-05 1.98427441e-02 0.00000000e+00]
[8.81096435e+00 1.74340325e-05 1.97547065e-02 0.00000000e+00]
[8.81487459e+00 1.69374326e-05 1.97863406e-02 0.00000000e+00]
[8.81976922e+00 1.66589234e-05 1.98096760e-02 0.00000000e+00]
[8.82426398e+00 1.69494573e-05 1.97872482e-02 0.00000000e+00]
[8.81241141e+00 1.69215722e-05 1.97729715e-02 0.00000000e+00]
[8.80875907e+00 1.72585616e-05 1.97418270e-02 0.00000000e+00]
[8.81778597e+00 1.69833892e-05 1.97682048e-02 0.00000000e+00]
[8.82165192e+00 1.66754047e-05 1.98028031e-02 0.00000000e+00]
[8.81893035e+00 1.64844711e-05 1.98156584e-02 0.00000000e+00]
[8.80444443e+00 1.67211969e-05 1.98048917e-02 0.00000000e+00]
[8.80519843e+00 1.64396613e-05 1.98451235e-02 0.00000000e+00]
[8.80292076e+00 1.65474738e-05 1.98408762e-02 0.00000000e+00]
[8.79605827e+00 1.67856676e-05 1.98165165e-02 0.00000000e+00]
[8.81760219e+00 1.65959078e-05 1.98209019e-02 0.00000000e+00]
[8.80368273e+00 1.66356596e-05 1.98236100e-02 0.00000000e+00]
[8.80514714e+00 1.65529677e-05 1.98329605e-02 0.00000000e+00]
[8.81669343e+00 1.65824804e-05 1.98251521e-02 0.00000000e+00]
[8.82038002e+00 1.65262895e-05 1.98149483e-02 0.00000000e+00]
[8.83450211e+00 1.62567541e-05 1.98472922e-02 0.00000000e+00]
[8.83033752e+00 1.66197505e-05 1.98121574e-02 0.00000000e+00]
[8.82774837e+00 1.66502904e-05 1.98099998e-02 0.00000000e+00]
[8.82330381e+00 1.66354229e-05 1.98115728e-02 0.00000000e+00]
[8.82831930e+00 1.65920783e-05 1.98176653e-02 0.00000000e+00]
[8.82449816e+00 1.70589611e-05 1.97797157e-02 0.00000000e+00]
[8.83490096e+00 1.67855280e-05 1.98013473e-02 0.00000000e+00]
[8.82991336e+00 1.66732818e-05 1.98056661e-02 0.00000000e+00]
[8.83061033e+00 1.63074293e-05 1.98386796e-02 0.00000000e+00]
[8.83523060e+00 1.59080563e-05 1.98630501e-02 0.00000000e+00]
[8.84005436e+00 1.57815248e-05 1.98760051e-02 0.00000000e+00]
[8.84502384e+00 1.55379460e-05 1.98991525e-02 0.00000000e+00]
[8.85723171e+00 1.54054728e-05 1.99144627e-02 0.00000000e+00]
[8.86407643e+00 1.50420412e-05 1.99516574e-02 0.00000000e+00]
[8.86396216e+00 1.51136097e-05 1.99454731e-02 0.00000000e+00]
[8.87245781e+00 1.50061207e-05 1.99599916e-02 0.00000000e+00]
[8.85592018e+00 1.52726289e-05 1.99367197e-02 0.00000000e+00]
[8.85969732e+00 1.52642073e-05 1.99419061e-02 0.00000000e+00]
[8.85983295e+00 1.51959550e-05 1.99486628e-02 0.00000000e+00]
[8.85413523e+00 1.55259763e-05 1.99199224e-02 0.00000000e+00]
[8.85053363e+00 1.58972527e-05 1.98897227e-02 0.00000000e+00]
[8.84490155e+00 1.60141182e-05 1.98825244e-02 0.00000000e+00]
[8.85358237e+00 1.61677909e-05 1.98727921e-02 0.00000000e+00]
[8.85233379e+00 1.63658628e-05 1.98581344e-02 0.00000000e+00]
[8.85624992e+00 1.61643211e-05 1.98685627e-02 0.00000000e+00]
[8.86328791e+00 1.60983134e-05 1.98791535e-02 0.00000000e+00]
[8.86024151e+00 1.62196291e-05 1.98705988e-02 0.00000000e+00]
[8.85678988e+00 1.59063692e-05 1.98961593e-02 0.00000000e+00]
[8.85449526e+00 1.57192417e-05 1.99177068e-02 0.00000000e+00]
[8.86149221e+00 1.56855100e-05 1.99230367e-02 0.00000000e+00]
[8.86011384e+00 1.60397658e-05 1.98953929e-02 0.00000000e+00]
[8.85644886e+00 1.61765081e-05 1.98874755e-02 0.00000000e+00]
[8.85476996e+00 1.61071092e-05 1.98922030e-02 0.00000000e+00]
[8.85508023e+00 1.62452461e-05 1.98707043e-02 0.00000000e+00]
[8.85338570e+00 1.62723438e-05 1.98751347e-02 0.00000000e+00]
[8.86292257e+00 1.60609073e-05 1.98922123e-02 0.00000000e+00]
[8.86372935e+00 1.59988262e-05 1.99045067e-02 0.00000000e+00]
[8.85436629e+00 1.63112102e-05 1.98742622e-02 0.00000000e+00]
[8.85331756e+00 1.63432971e-05 1.98727014e-02 0.00000000e+00]
[8.85550438e+00 1.60628808e-05 1.98908958e-02 0.00000000e+00]
[8.85808687e+00 1.60434091e-05 1.98920868e-02 0.00000000e+00]
[8.85453168e+00 1.61317567e-05 1.98828690e-02 0.00000000e+00]
[8.85666682e+00 1.60605389e-05 1.98886748e-02 0.00000000e+00]
[8.85979264e+00 1.59954380e-05 1.98958770e-02 0.00000000e+00]
[8.86839403e+00 1.58571760e-05 1.99011255e-02 0.00000000e+00]
[8.87291649e+00 1.58636533e-05 1.99037920e-02 0.00000000e+00]
[8.87561663e+00 1.57340172e-05 1.99171997e-02 0.00000000e+00]
[8.87834678e+00 1.54422260e-05 1.99370210e-02 0.00000000e+00]
[8.88030574e+00 1.51641430e-05 1.99597277e-02 0.00000000e+00]
[8.87753363e+00 1.50820704e-05 1.99765090e-02 0.00000000e+00]
[8.87938096e+00 1.49907282e-05 1.99855596e-02 0.00000000e+00]
[8.88109356e+00 1.49704566e-05 1.99861185e-02 0.00000000e+00]
[8.87469151e+00 1.51862170e-05 1.99657343e-02 0.00000000e+00]
[8.87075759e+00 1.52569148e-05 1.99718218e-02 0.00000000e+00]
[8.86766660e+00 1.51586873e-05 1.99809961e-02 0.00000000e+00]
[8.86977485e+00 1.50875189e-05 1.99862745e-02 0.00000000e+00]
[8.87460261e+00 1.49988532e-05 1.99989271e-02 0.00000000e+00]
[8.87673194e+00 1.49347547e-05 1.99934503e-02 0.00000000e+00]
[8.88356012e+00 1.48571566e-05 1.99973729e-02 0.00000000e+00]
[8.88063050e+00 1.48579488e-05 1.99941019e-02 0.00000000e+00]
[8.87522410e+00 1.49858105e-05 1.99877326e-02 0.00000000e+00]
[8.87672531e+00 1.49948843e-05 1.99862283e-02 0.00000000e+00]
[8.86689821e+00 1.51940330e-05 1.99623989e-02 0.00000000e+00]
[8.86314500e+00 1.53371071e-05 1.99459564e-02 0.00000000e+00]
[8.86011015e+00 1.52949433e-05 1.99497971e-02 0.00000000e+00]
[8.86300650e+00 1.52085262e-05 1.99574843e-02 0.00000000e+00]
[8.85764147e+00 1.53221138e-05 1.99471804e-02 0.00000000e+00]
[8.86478719e+00 1.52236223e-05 1.99555492e-02 0.00000000e+00]
[8.86430828e+00 1.52605761e-05 1.99558580e-02 0.00000000e+00]
[8.86466367e+00 1.52612320e-05 1.99528377e-02 0.00000000e+00]
[8.86632644e+00 1.54169619e-05 1.99414090e-02 0.00000000e+00]
[8.87130923e+00 1.54451334e-05 1.99421314e-02 0.00000000e+00]
[8.86738947e+00 1.54031776e-05 1.99480330e-02 0.00000000e+00]
[8.85671908e+00 1.55131854e-05 1.99384527e-02 0.00000000e+00]
[8.84923335e+00 1.54956227e-05 1.99444888e-02 0.00000000e+00]
[8.85373245e+00 1.53599639e-05 1.99642623e-02 0.00000000e+00]
[8.85317823e+00 1.55141547e-05 1.99442077e-02 0.00000000e+00]
[8.84712247e+00 1.54195787e-05 1.99544191e-02 0.00000000e+00]
[8.84570859e+00 1.54780137e-05 1.99482833e-02 0.00000000e+00]
[8.84391532e+00 1.55983033e-05 1.99420602e-02 0.00000000e+00]
[8.84523315e+00 1.55994983e-05 1.99454407e-02 0.00000000e+00]
[8.84605769e+00 1.56074005e-05 1.99439522e-02 0.00000000e+00]
[8.84991248e+00 1.55574891e-05 1.99520592e-02 0.00000000e+00]
[8.85221862e+00 1.55167268e-05 1.99574152e-02 0.00000000e+00]
[8.85183529e+00 1.56714332e-05 1.99459514e-02 0.00000000e+00]
[8.84922596e+00 1.56774936e-05 1.99435175e-02 0.00000000e+00]
[8.85030481e+00 1.58310349e-05 1.99322998e-02 0.00000000e+00]
[8.85101858e+00 1.57492485e-05 1.99485615e-02 0.00000000e+00]
[8.85311001e+00 1.57656854e-05 1.99481225e-02 0.00000000e+00]
[8.85359150e+00 1.56882597e-05 1.99491496e-02 0.00000000e+00]
[8.84955207e+00 1.58236742e-05 1.99349207e-02 0.00000000e+00]
[8.85217933e+00 1.57018904e-05 1.99438022e-02 0.00000000e+00]
[8.84754583e+00 1.58378398e-05 1.99317277e-02 0.00000000e+00]
[8.85117182e+00 1.59251526e-05 1.99163407e-02 0.00000000e+00]
[8.84782287e+00 1.60392027e-05 1.99082724e-02 0.00000000e+00]
[8.84545592e+00 1.60609302e-05 1.99060122e-02 0.00000000e+00]
[8.84713955e+00 1.61064706e-05 1.99003904e-02 0.00000000e+00]
[8.85018541e+00 1.60915043e-05 1.98979252e-02 0.00000000e+00]
[8.84615526e+00 1.61442558e-05 1.98909519e-02 0.00000000e+00]
[8.84160221e+00 1.60597402e-05 1.98968472e-02 0.00000000e+00]
[8.83571196e+00 1.58590781e-05 1.99181330e-02 0.00000000e+00]
[8.83697154e+00 1.60126726e-05 1.99053233e-02 0.00000000e+00]
[8.83617109e+00 1.60334369e-05 1.99035341e-02 0.00000000e+00]
[8.82988276e+00 1.60530811e-05 1.99027325e-02 0.00000000e+00]
[8.82905613e+00 1.60999293e-05 1.98981297e-02 0.00000000e+00]
[8.83402090e+00 1.60234831e-05 1.99030439e-02 0.00000000e+00]
[8.83497261e+00 1.60381318e-05 1.99010962e-02 0.00000000e+00]
[8.83605385e+00 1.60853700e-05 1.98930624e-02 0.00000000e+00]
[8.83792235e+00 1.59857642e-05 1.99048421e-02 0.00000000e+00]
[8.84142801e+00 1.59034095e-05 1.99085835e-02 0.00000000e+00]
[8.84493863e+00 1.59441289e-05 1.99071269e-02 0.00000000e+00]
[8.84209182e+00 1.59404340e-05 1.99083723e-02 0.00000000e+00]
[8.83884810e+00 1.61410664e-05 1.98886043e-02 0.00000000e+00]
[8.83633419e+00 1.62824757e-05 1.98745979e-02 0.00000000e+00]
[8.83714605e+00 1.62226211e-05 1.98818394e-02 0.00000000e+00]
[8.83663160e+00 1.62176105e-05 1.98852074e-02 0.00000000e+00]
[8.83868673e+00 1.62452161e-05 1.98867382e-02 0.00000000e+00]
[8.84131124e+00 1.62204627e-05 1.98911262e-02 0.00000000e+00]
[8.84075035e+00 1.61681643e-05 1.98940224e-02 0.00000000e+00]
[8.83796879e+00 1.60913579e-05 1.98986952e-02 0.00000000e+00]
[8.83776190e+00 1.61517601e-05 1.98935550e-02 0.00000000e+00]
[8.83663398e+00 1.60712748e-05 1.99021503e-02 0.00000000e+00]
[8.83587455e+00 1.61777297e-05 1.98944029e-02 0.00000000e+00]
[8.83730757e+00 1.61711749e-05 1.98919385e-02 0.00000000e+00]
[8.83746549e+00 1.63474749e-05 1.98767822e-02 0.00000000e+00]
[8.83681157e+00 1.63207313e-05 1.98843860e-02 0.00000000e+00]
[8.83611699e+00 1.63593251e-05 1.98800582e-02 0.00000000e+00]
[8.83925243e+00 1.63574172e-05 1.98774586e-02 0.00000000e+00]
[8.83663097e+00 1.64595811e-05 1.98685806e-02 0.00000000e+00]
[8.83902132e+00 1.64416406e-05 1.98694837e-02 0.00000000e+00]
[8.84174388e+00 1.63602054e-05 1.98735414e-02 0.00000000e+00]
[8.84598907e+00 1.63120664e-05 1.98767342e-02 0.00000000e+00]
[8.84682076e+00 1.63858561e-05 1.98747629e-02 0.00000000e+00]
[8.84660630e+00 1.63877405e-05 1.98711953e-02 0.00000000e+00]
[8.84810565e+00 1.63940416e-05 1.98704917e-02 0.00000000e+00]
[8.84901970e+00 1.63090446e-05 1.98786762e-02 0.00000000e+00]
[8.84863063e+00 1.62349645e-05 1.98862749e-02 0.00000000e+00]
[8.84866083e+00 1.62247206e-05 1.98900625e-02 0.00000000e+00]
[8.84803946e+00 1.61902050e-05 1.98932585e-02 0.00000000e+00]
[8.84497835e+00 1.61573632e-05 1.98961560e-02 0.00000000e+00]
[8.84601992e+00 1.61208598e-05 1.98961381e-02 0.00000000e+00]
[8.84640671e+00 1.61879186e-05 1.98893964e-02 0.00000000e+00]
[8.84428904e+00 1.62007455e-05 1.98881542e-02 0.00000000e+00]
[8.84362181e+00 1.62911493e-05 1.98787317e-02 0.00000000e+00]
[8.84460234e+00 1.62877139e-05 1.98796525e-02 0.00000000e+00]
[8.84302301e+00 1.62679837e-05 1.98805061e-02 0.00000000e+00]
[8.84542153e+00 1.62042025e-05 1.98867059e-02 0.00000000e+00]
[8.84460148e+00 1.61642142e-05 1.98909616e-02 0.00000000e+00]
[8.84559103e+00 1.62168472e-05 1.98855582e-02 0.00000000e+00]
[8.84429010e+00 1.61944044e-05 1.98880104e-02 0.00000000e+00]
[8.84315332e+00 1.62038543e-05 1.98885549e-02 0.00000000e+00]
[8.84467022e+00 1.61791715e-05 1.98919068e-02 0.00000000e+00]
[8.84628863e+00 1.61434015e-05 1.98959600e-02 0.00000000e+00]
[8.84450474e+00 1.61780316e-05 1.98935314e-02 0.00000000e+00]
[8.84247019e+00 1.61628069e-05 1.98942374e-02 0.00000000e+00]
[8.84590139e+00 1.61793032e-05 1.98896228e-02 0.00000000e+00]
[8.84419731e+00 1.63039865e-05 1.98786745e-02 0.00000000e+00]
[8.84346475e+00 1.63398113e-05 1.98767822e-02 0.00000000e+00]
[8.84299190e+00 1.63726648e-05 1.98757705e-02 0.00000000e+00]
[8.84492051e+00 1.63628836e-05 1.98734850e-02 0.00000000e+00]
[8.84570475e+00 1.63628044e-05 1.98753422e-02 0.00000000e+00]
[8.84747602e+00 1.63641641e-05 1.98779530e-02 0.00000000e+00]
[8.84610344e+00 1.64860353e-05 1.98680919e-02 0.00000000e+00]
[8.84515386e+00 1.65033915e-05 1.98677989e-02 0.00000000e+00]
[8.84636305e+00 1.64509603e-05 1.98709281e-02 0.00000000e+00]
[8.84579532e+00 1.64903933e-05 1.98684753e-02 0.00000000e+00]
[8.84633574e+00 1.65187812e-05 1.98667639e-02 0.00000000e+00]
[8.84542511e+00 1.65091042e-05 1.98698999e-02 0.00000000e+00]
[8.84547104e+00 1.65058932e-05 1.98684826e-02 0.00000000e+00]
[8.84676018e+00 1.64767075e-05 1.98699870e-02 0.00000000e+00]
[8.84800140e+00 1.64636532e-05 1.98688314e-02 0.00000000e+00]
[8.84723367e+00 1.64644826e-05 1.98704898e-02 0.00000000e+00]
[8.84532531e+00 1.65014231e-05 1.98672844e-02 0.00000000e+00]
[8.84330996e+00 1.65218865e-05 1.98671688e-02 0.00000000e+00]
[8.84083642e+00 1.65485110e-05 1.98632838e-02 0.00000000e+00]
[8.84003904e+00 1.65292497e-05 1.98654863e-02 0.00000000e+00]
[8.83884491e+00 1.65720019e-05 1.98626567e-02 0.00000000e+00]
[8.83998157e+00 1.65386030e-05 1.98670910e-02 0.00000000e+00]
[8.83827742e+00 1.65497524e-05 1.98656398e-02 0.00000000e+00]
[8.83809481e+00 1.64611879e-05 1.98727846e-02 0.00000000e+00]
[8.83733388e+00 1.64473190e-05 1.98727357e-02 0.00000000e+00]
[8.83727951e+00 1.64519009e-05 1.98703221e-02 0.00000000e+00]
[8.83468496e+00 1.64850377e-05 1.98675380e-02 0.00000000e+00]
[8.83447472e+00 1.65100351e-05 1.98657986e-02 0.00000000e+00]
[8.83454687e+00 1.64866825e-05 1.98663516e-02 0.00000000e+00]
[8.83436427e+00 1.64843318e-05 1.98674712e-02 0.00000000e+00]
[8.83516022e+00 1.65293069e-05 1.98642455e-02 0.00000000e+00]
[8.83418733e+00 1.65131287e-05 1.98659536e-02 0.00000000e+00]
[8.83420457e+00 1.66165141e-05 1.98582061e-02 0.00000000e+00]
[8.83591197e+00 1.65830744e-05 1.98597067e-02 0.00000000e+00]
[8.83492406e+00 1.66021673e-05 1.98593608e-02 0.00000000e+00]
[8.83458151e+00 1.65994733e-05 1.98603024e-02 0.00000000e+00]
[8.83422161e+00 1.66275040e-05 1.98574356e-02 0.00000000e+00]
[8.83455472e+00 1.66385249e-05 1.98579887e-02 0.00000000e+00]
[8.83409680e+00 1.66846819e-05 1.98531908e-02 0.00000000e+00]
[8.83327598e+00 1.66959398e-05 1.98529716e-02 0.00000000e+00]
[8.83468384e+00 1.66810237e-05 1.98547027e-02 0.00000000e+00]