[ 22.9096063    9.86604989 406.65217159   0.        ]
[ 23.31474921   9.64070477 387.23705668   0.        ]
[ 23.32981382   9.62882734 379.9235488    0.        ]
[ 23.24787916   9.38459769 359.67486456   0.        ]
[ 23.58126182   8.96923695 347.9560803    0.        ]
[ 23.06858422   9.33865071 361.42875937   0.        ]
[ 24.03813765   9.25160922 359.54664659   0.        ]
[ 24.6579904    9.04200926 362.05364191   0.        ]
[ 25.02991844   8.96440405 337.25509131   0.        ]
[ 25.63438444   8.86921588 335.71789793   0.        ]
[ 26.33979394   8.64227855 321.4093754    0.        ]
[ 26.98762765   8.2888755  309.76580834   0.        ]
[ 26.94279668   8.60979974 317.73005302   0.        ]
[ 26.10374811   8.41390936 314.82221227   0.        ]
[ 25.9528869    8.35095851 287.37320874   0.        ]
[ 24.49015795   8.61633386 263.25771852   0.        ]
[ 24.60440855   8.88894571 279.74953911   0.        ]
[ 24.68820856   8.45443994 269.00083872   0.        ]
[ 24.63591693   8.40609551 247.40934851   0.        ]
[ 25.01586619   8.35065126 258.15444135   0.        ]
[ 24.16979139   8.47245146 244.02889844   0.        ]
[ 24.49130899   8.5719513  243.7854045    0.        ]
[ 23.57592417   8.52732268 246.09506658   0.        ]
[ 24.81062907   8.21623538 235.19708711   0.        ]
[ 23.56005669   8.29872347 232.51297826   0.        ]
[ 23.81460499   8.2406839  226.68457922   0.        ]
[ 22.7374887    8.04998252 203.16397265   0.        ]
[ 22.85618919   7.94586201 204.66220096   0.        ]
[ 24.03517465   7.60383226 211.28849733   0.        ]
[ 23.20243473   8.15876556 190.19001957   0.        ]
[ 22.95803526   7.84521724 174.59858571   0.        ]
[ 22.17204949   7.96057452 172.18319149   0.        ]
[ 22.4552811    7.73551874 181.60174877   0.        ]
[ 22.43985047   7.97263065 188.50231509   0.        ]
[ 21.34021557   8.1898477  191.11198529   0.        ]
[ 21.7167139    7.87966277 191.23350638   0.        ]
[ 22.24331979   8.07175319 179.77622059   0.        ]
[ 21.34549757   7.93491516 170.73104124   0.        ]
[ 22.06052627   8.12544586 189.99207831   0.        ]
[ 21.19581841   7.63068935 158.2060136    0.        ]
[ 22.50448501   7.16615469 155.0640068    0.        ]
[ 23.69191474   7.57703663 142.62569641   0.        ]
[ 22.96849959   7.37201927 151.52745447   0.        ]
[ 24.09786437   7.58877597 128.3054515    0.        ]
[ 23.01057855   7.49922287 138.46912046   0.        ]
[ 23.86186311   7.61668889 135.51486351   0.        ]
[ 25.00442128   7.49092855 135.48088564   0.        ]
[ 24.44637924   7.69480801 119.06870386   0.        ]
[ 23.42394013   7.98102361 115.1124464    0.        ]
[ 22.66371117   8.0419201  123.92638203   0.        ]
[ 23.55561454   7.79919077 103.97026651   0.        ]
[ 22.91182616   7.92100011 107.00292247   0.        ]
[ 22.89215091   7.37587272 110.27936083   0.        ]
[ 23.11803153   7.85392193 105.17428044   0.        ]
[ 23.05517116   7.67676026 105.78106792   0.        ]
[ 23.22159393   7.31918415 104.86434912   0.        ]
[ 25.48082701   7.26932925 104.77873581   0.        ]
[24.24818269  7.85451978 96.68768657  0.        ]
[24.09468321  7.72282324 89.84269569  0.        ]
[24.03413962  8.0724863  85.50388823  0.        ]
[23.82042919  8.38209882 83.24437345  0.        ]
[24.52582289  8.48455677 81.08663124  0.        ]
[24.35327736  8.69973459 82.14668999  0.        ]
[23.97039849  8.18541582 86.19833404  0.        ]
[25.81249334  8.91690144 78.65030301  0.        ]
[25.27680264  8.96903044 77.18288903  0.        ]
[24.79749456  9.71876461 81.62772896  0.        ]
[25.25722555  9.22301761 78.71658994  0.        ]
[26.56897015  9.16126184 77.13360876  0.        ]
[26.28695     8.89369827 76.83908245  0.        ]
[26.21933461  8.7342244  78.53795884  0.        ]
[24.75179992  8.60298359 72.46025165  0.        ]
[23.72310336  9.39372426 76.17755019  0.        ]
[23.68732638  8.94076954 73.40188384  0.        ]
[23.54924932  8.59428354 71.56491653  0.        ]
[24.56451634  8.64184204 73.43169429  0.        ]
[22.87570113  8.86235158 73.1440649   0.        ]
[23.45920536  9.16162368 74.75721028  0.        ]
[24.17285581  8.49693849 71.2094751   0.        ]
[23.73732757  8.85291881 73.11965871  0.        ]
[25.32184645  8.36136924 70.86181115  0.        ]
[23.4122672   9.08067893 74.51690894  0.        ]
[23.82197085  8.82592575 72.91561598  0.        ]
[23.3152296   8.7397252  72.26896952  0.        ]
[23.69000458  9.09546621 75.27763896  0.        ]
[24.68455204  8.20857395 69.94807848  0.        ]
[24.80362757  8.07973855 69.79548545  0.        ]
[24.57275754  8.22206563 72.70539546  0.        ]
[25.36677381  7.82188313 68.45107534  0.        ]
[24.65968584  7.95076875 69.2304848   0.        ]
[26.28953133  7.62879622 68.77728579  0.        ]
[25.73945946  8.08469106 70.02188022  0.        ]
[26.2733704   7.04983776 65.43650783  0.        ]
[25.38890224  7.78243271 68.39158948  0.        ]
[26.49586811  7.06098901 65.89666884  0.        ]
[26.67813399  6.70609723 62.6410496   0.        ]
[27.00318169  6.88728408 63.43181205  0.        ]
[28.1544963   6.38929605 61.56797828  0.        ]
[27.23599495  6.85005481 63.6354955   0.        ]
[26.30877695  6.95330396 63.77826468  0.        ]
[26.4639511   6.97398542 63.26882736  0.        ]
[26.02896979  6.98213515 64.58214108  0.        ]
[25.79643998  6.82747915 62.70204469  0.        ]
[25.38725745  6.59239975 62.08122     0.        ]
[24.94433454  6.89645157 64.22085258  0.        ]
[26.55161638  6.31608814 60.6158883   0.        ]
[27.2265232   6.31048051 60.97615071  0.        ]
[25.43491966  6.12229779 59.44059709  0.        ]
[25.79076554  6.09149958 59.51130928  0.        ]
[24.20478491  6.30874494 59.77209596  0.        ]
[24.1174672   6.32458808 59.83131336  0.        ]
[24.08679256  6.22342672 59.39247219  0.        ]
[23.55671047  6.70182901 61.98848509  0.        ]
[22.59210859  6.63717749 62.50665616  0.        ]
[24.38293482  6.27009358 61.19590667  0.        ]
[24.13449265  5.88001646 57.90432104  0.        ]
[24.11799763  5.65913396 58.0312193   0.        ]
[24.04590525  5.68167782 57.51499628  0.        ]
[23.7191132   6.04159135 58.65548603  0.        ]
[24.53151039  5.4126728  57.05851148  0.        ]
[25.38367974  5.57439417 56.17098756  0.        ]
[25.6769008   5.73058327 56.95183199  0.        ]
[25.60016402  5.23079221 54.97615472  0.        ]
[25.75610117  4.97450058 53.19269213  0.        ]
[25.98272709  5.12462374 55.17828021  0.        ]
[25.69591548  5.25030458 55.80010122  0.        ]
[27.01640705  4.90373576 52.04790874  0.        ]
[26.10632599  4.81677842 51.64218131  0.        ]
[27.21678644  4.79248305 52.27764244  0.        ]
[27.42868925  4.99582364 52.86899378  0.        ]
[27.43897938  4.48795081 50.07075354  0.        ]
[27.03128564  4.3841778  49.29160616  0.        ]
[27.18982758  4.17086412 49.0603475   0.        ]
[27.29328589  4.07536379 48.11952553  0.        ]
[26.85679479  4.11185507 48.7250408   0.        ]
[28.45785948  3.77027322 46.61729798  0.        ]
[28.94178394  3.75572614 48.42604993  0.        ]
[28.87610986  3.8823588  47.49500292  0.        ]
[29.21281931  3.46542364 44.88799325  0.        ]
[29.27350653  3.41251166 44.35729529  0.        ]
[28.20769593  3.55128412 44.00681786  0.        ]
[29.3808929   3.30004214 42.97305016  0.        ]
[27.87003336  3.56096585 43.80819569  0.        ]
[27.62279966  3.6839645  44.63703929  0.        ]
[27.41514684  3.42144929 43.02530557  0.        ]
[26.69927625  3.31714891 43.22439737  0.        ]
[26.46366219  3.13110452 41.07111748  0.        ]
[25.85066782  3.11111265 41.74590983  0.        ]
[27.81141891  2.87071275 39.92566628  0.        ]
[25.21070912  3.37192874 42.36776876  0.        ]
[25.75811149  3.21523264 42.02100482  0.        ]
[25.88867093  2.98326378 40.65753172  0.        ]
[25.8226115   2.77718031 39.65727542  0.        ]
[23.71313352  3.08802625 40.50111741  0.        ]
[23.50385244  3.04673521 40.56307599  0.        ]
[23.96307928  2.78749222 39.48836063  0.        ]
[23.77222766  2.78512277 38.90597776  0.        ]
[23.64604355  3.08488023 39.47961099  0.        ]
[24.10349317  2.86852078 39.09593909  0.        ]
[23.25421628  2.68258332 38.90138024  0.        ]
[22.27879099  2.9775338  40.34381445  0.        ]
[24.23595898  2.55291339 37.82682269  0.        ]
[23.51906476  2.66871681 37.94296873  0.        ]
[24.09731184  2.57638048 38.18578998  0.        ]
[24.13708334  2.67906402 38.20664979  0.        ]
[23.81603308  2.63076285 38.65462515  0.        ]
[23.25295037  2.72957999 38.90729345  0.        ]
[22.93888588  2.57699238 38.50461033  0.        ]
[22.92145332  2.57685184 38.87852514  0.        ]
[23.83219547  2.50371    38.52604823  0.        ]
[23.13263097  2.56105754 39.9209767   0.        ]
[21.97605731  2.63090134 39.93162703  0.        ]
[22.27068839  2.65965941 38.83116666  0.        ]
[23.29572392  2.59481518 38.54415086  0.        ]
[22.29657048  2.79153264 39.66819937  0.        ]
[22.78976962  2.79390987 40.14286142  0.        ]
[23.38679907  2.54203136 37.22604695  0.        ]
[24.12107676  2.52170946 37.14038281  0.        ]
[22.45014837  2.67223106 39.52205265  0.        ]
[22.47969807  2.39136908 36.89695094  0.        ]
[22.68525189  2.23803737 37.15072967  0.        ]
[23.89635817  2.05170336 35.75473223  0.        ]
[22.46381715  2.56889329 43.80990493  0.        ]
[22.53499601  2.427046   37.68342503  0.        ]
[22.9946731   2.2234258  35.99878789  0.        ]
[23.71335043  2.19534595 36.65871657  0.        ]
[23.54604356  2.23271914 36.17874645  0.        ]
[22.7511888   2.37357292 36.26375743  0.        ]
[23.90806784  2.22188009 37.5006501   0.        ]
[23.48026111  2.14058028 35.69738456  0.        ]
[21.44370608  2.46263719 37.30192754  0.        ]
[22.83750171  2.25565637 36.35667292  0.        ]
[21.59459508  2.45773233 37.59715631  0.        ]
[23.78974279  2.22604777 39.53205226  0.        ]
[22.76495949  2.27553026 37.23282566  0.        ]
[20.51748183  2.46325378 36.14986998  0.        ]
[20.16002367  2.44058965 37.10285248  0.        ]
[20.37549857  2.54408262 36.70181287  0.        ]
[20.01083734  2.58800113 36.51163414  0.        ]
[21.16713071  2.57349566 36.38160247  0.        ]
[19.15438373  2.7485991  37.21662346  0.        ]
[19.32293118  2.90081535 37.752641    0.        ]
[18.96623381  3.02195136 38.00155913  0.        ]
[20.73049433  2.60084961 35.95170593  0.        ]
[19.79388477  2.74150381 37.95971467  0.        ]
[18.00162777  2.87904966 37.3663213   0.        ]
[16.61361162  3.06011468 38.52321589  0.        ]
[16.65385191  3.12142182 39.82095753  0.        ]
[17.83151271  2.7924322  37.84388879  0.        ]
[16.46136071  3.04191958 40.12313412  0.        ]
[16.84093944  3.08733946 38.62432702  0.        ]
[17.32705959  3.12250337 38.37712967  0.        ]
[15.39744423  3.17337921 39.3316211   0.        ]
[14.85277894  3.48341178 40.99703105  0.        ]
[14.84059909  3.38802562 41.94254439  0.        ]
[15.70916274  3.09255252 39.04432244  0.        ]
[14.94010782  3.26203118 39.58782097  0.        ]
[15.56283526  3.06376045 38.74447863  0.        ]
[16.48045515  2.91682201 38.75781369  0.        ]
[14.32599454  3.61390197 41.44229915  0.        ]
[16.28101543  3.02600735 39.17445087  0.        ]
[15.89470073  2.95681868 38.63813006  0.        ]
[15.48210714  3.11251662 38.90666937  0.        ]
[15.52132062  2.9350586  38.33176764  0.        ]
[14.87186449  2.97041804 39.58203418  0.        ]
[14.88168475  3.00180809 38.65375377  0.        ]
[14.83974622  2.92208014 38.87484753  0.        ]
[14.78579207  3.062669   38.99579792  0.        ]
[14.69233443  3.03065722 39.32330993  0.        ]
[14.9284761   3.0491803  38.88980789  0.        ]
[14.57041603  3.13515361 39.50965606  0.        ]
[15.52207076  2.85676396 37.32679734  0.        ]
[14.83956268  2.96413075 38.13431731  0.        ]
[15.70508352  2.8643113  37.905301    0.        ]
[14.6866134   3.03526977 38.75037255  0.        ]
[15.92490092  2.78562121 37.55702804  0.        ]
[15.08159272  3.10508982 38.29655101  0.        ]
[15.60037382  2.95849937 37.05575014  0.        ]
[15.71972316  2.91856868 37.34024645  0.        ]
[15.3929612   3.09697746 37.32936524  0.        ]
[15.42492863  3.07095403 37.43303629  0.        ]
[14.67630804  3.28593399 39.75665832  0.        ]
[15.47720763  2.98521345 37.94426809  0.        ]
[14.91340356  3.00121943 37.3361406   0.        ]
[14.5748105   3.17259597 38.60851985  0.        ]
[15.31344084  2.99845743 37.3319496   0.        ]
[15.55680772  2.93443066 36.66316681  0.        ]
[15.04398844  3.03847383 37.9652891   0.        ]
[15.14640389  3.20736909 39.59269607  0.        ]
[15.65717964  2.89115825 36.41005394  0.        ]
[15.6838651   3.09585885 37.0585357   0.        ]
[15.23881497  2.86994656 37.80129662  0.        ]
[15.15630125  3.02330654 36.88892283  0.        ]
[15.92592707  2.82182093 36.6032023   0.        ]
[14.46258752  3.35914327 38.41794016  0.        ]
[14.9065488   3.36074623 38.34905454  0.        ]
[15.45767491  3.04564872 36.97368151  0.        ]
[15.0222545   3.02104673 38.46731824  0.        ]
[14.75942248  3.08057435 37.3008692   0.        ]
[15.00993735  3.08197358 37.06499337  0.        ]
[15.66901321  2.99670832 37.16840325  0.        ]
[15.16257361  2.87664021 36.52605498  0.        ]
[15.52672385  2.73147493 36.38323343  0.        ]
[14.75705336  2.99971628 37.34714081  0.        ]
[15.39345396  2.9055894  36.3616522   0.        ]
[14.98995031  2.95664705 37.59780577  0.        ]
[15.67059142  2.79038113 35.93326192  0.        ]
[16.1004355   2.58124519 34.70841115  0.        ]
[16.05727655  2.78396941 35.09976486  0.        ]
[16.70341392  2.46690433 34.04253471  0.        ]
[16.07808504  2.54211741 34.31417447  0.        ]
[17.39193272  2.39867712 33.74140085  0.        ]
[16.6150665   2.60733867 34.31858099  0.        ]
[17.82730256  2.37185696 34.29807508  0.        ]
[15.8640929   2.60783638 34.62586157  0.        ]
[16.38112491  2.48220716 33.76173652  0.        ]
[17.13685387  2.34852781 32.65836331  0.        ]
[17.29527326  2.36044334 32.62934372  0.        ]
[18.60991539  2.12753525 31.40681052  0.        ]
[16.57098195  2.61443019 33.57656834  0.        ]
[18.24581931  2.24770185 31.65328693  0.        ]
[17.32169293  2.33364127 32.60693298  0.        ]
[16.60333359  2.40080191 34.45439966  0.        ]
[17.18343599  2.23393781 32.65704987  0.        ]
[16.7819412   2.42626137 33.06674399  0.        ]
[16.97414283  2.42209479 33.3260041   0.        ]
[17.80907964  2.2825156  32.72505358  0.        ]
[17.60350302  2.34397396 32.07361187  0.        ]
[17.68803982  2.45073648 32.54493814  0.        ]
[18.29927664  2.20484181 31.73337515  0.        ]
[17.58941825  2.32812138 32.04663663  0.        ]
[18.89706195  2.10315595 31.35106718  0.        ]
[17.86800641  2.3452611  32.15322801  0.        ]
[18.37639108  2.23702404 31.45315983  0.        ]
[17.1384473   2.44671193 33.27733438  0.        ]
[18.59446219  2.16054042 31.62224583  0.        ]
[17.9404478   2.16871728 31.41372924  0.        ]
[18.2145082   2.18257899 31.10199083  0.        ]
[19.11303654  2.21521897 30.72671226  0.        ]
[18.19339384  2.19817967 31.72073414  0.        ]
[17.03504467  2.38637703 34.02114409  0.        ]