[2.29096063e+01 1.28618049e-01 7.18726990e+03 0.00000000e+00]
[2.23711287e+01 1.28071526e-01 7.10394999e+03 0.00000000e+00]
[2.28772726e+01 1.27727665e-01 6.96829598e+03 0.00000000e+00]
[2.33787994e+01 1.26964080e-01 6.75771003e+03 0.00000000e+00]
[2.38845990e+01 1.27610549e-01 6.99664278e+03 0.00000000e+00]
[2.58449772e+01 1.27865359e-01 7.02817148e+03 0.00000000e+00]
[2.51324895e+01 1.28046150e-01 7.07044511e+03 0.00000000e+00]
[2.43629445e+01 1.27840392e-01 6.99617464e+03 0.00000000e+00]
[2.55422913e+01 1.27660709e-01 6.94596997e+03 0.00000000e+00]
[2.49313179e+01 1.27722465e-01 6.97178303e+03 0.00000000e+00]
[2.32882963e+01 1.28226413e-01 7.09727965e+03 0.00000000e+00]
[2.47724113e+01 1.27803571e-01 6.99716204e+03 0.00000000e+00]
[2.47993758e+01 1.27776154e-01 6.96687701e+03 0.00000000e+00]
[2.56755131e+01 1.27490555e-01 6.87582544e+03 0.00000000e+00]
[2.57083810e+01 1.27526115e-01 6.89373297e+03 0.00000000e+00]
[2.64328616e+01 1.28296771e-01 7.09298577e+03 0.00000000e+00]
[2.79399239e+01 1.28478631e-01 7.15696376e+03 0.00000000e+00]
[2.99591816e+01 1.29244215e-01 7.32334462e+03 0.00000000e+00]
[2.92097735e+01 1.29151487e-01 7.29854620e+03 0.00000000e+00]
[3.01313001e+01 1.28824425e-01 7.22926202e+03 0.00000000e+00]
[3.09312193e+01 1.28950663e-01 7.26190937e+03 0.00000000e+00]
[2.81037115e+01 1.29259661e-01 7.33383134e+03 0.00000000e+00]
[2.88317245e+01 1.29661598e-01 7.40641900e+03 0.00000000e+00]
[2.93621273e+01 1.30259371e-01 7.49695518e+03 0.00000000e+00]
[3.05827518e+01 1.29882598e-01 7.43515490e+03 0.00000000e+00]
[3.03795810e+01 1.29261628e-01 7.33925658e+03 0.00000000e+00]
[3.13063737e+01 1.28947787e-01 7.27535197e+03 0.00000000e+00]
[3.06443299e+01 1.28608351e-01 7.20890905e+03 0.00000000e+00]
[3.08945389e+01 1.28529492e-01 7.18053160e+03 0.00000000e+00]
[2.99104713e+01 1.28532302e-01 7.18102098e+03 0.00000000e+00]
[3.14747699e+01 1.28654987e-01 7.20545308e+03 0.00000000e+00]
[2.99970316e+01 1.28030675e-01 7.04618227e+03 0.00000000e+00]
[3.04097929e+01 1.27589914e-01 6.92659916e+03 0.00000000e+00]
[3.15810385e+01 1.28015002e-01 7.03242618e+03 0.00000000e+00]
[3.20315212e+01 1.27861696e-01 6.99657326e+03 0.00000000e+00]
[3.3409805e+01 1.2700618e-01 6.6865734e+03 0.0000000e+00]
[3.26428896e+01 1.27056750e-01 6.70661913e+03 0.00000000e+00]
[3.22957147e+01 1.26638512e-01 6.53229101e+03 0.00000000e+00]
[3.21889511e+01 1.26569799e-01 6.52615996e+03 0.00000000e+00]
[3.22834328e+01 1.26489305e-01 6.50084097e+03 0.00000000e+00]
[3.20033163e+01 1.26638304e-01 6.56183140e+03 0.00000000e+00]
[3.00021605e+01 1.26842366e-01 6.65810567e+03 0.00000000e+00]
[2.93167179e+01 1.27064709e-01 6.77273163e+03 0.00000000e+00]
[3.07441272e+01 1.27196575e-01 6.80632850e+03 0.00000000e+00]
[3.10355528e+01 1.26614152e-01 6.57219490e+03 0.00000000e+00]
[3.05061062e+01 1.26747293e-01 6.62229048e+03 0.00000000e+00]
[3.15481229e+01 1.27213313e-01 6.79950871e+03 0.00000000e+00]
[3.25475795e+01 1.27155583e-01 6.80019602e+03 0.00000000e+00]
[3.22768431e+01 1.27454822e-01 6.90342195e+03 0.00000000e+00]
[3.18023003e+01 1.27848056e-01 7.02059787e+03 0.00000000e+00]
[3.08681840e+01 1.27631823e-01 6.94936206e+03 0.00000000e+00]
[3.03894544e+01 1.27261056e-01 6.85638211e+03 0.00000000e+00]
[2.90298832e+01 1.26925771e-01 6.73917957e+03 0.00000000e+00]
[3.08266227e+01 1.27414002e-01 6.91729696e+03 0.00000000e+00]
[3.04197347e+01 1.27183445e-01 6.84633685e+03 0.00000000e+00]
[3.00056166e+01 1.27252000e-01 6.86763586e+03 0.00000000e+00]
[3.11121940e+01 1.26784822e-01 6.70243627e+03 0.00000000e+00]
[3.21278261e+01 1.26874296e-01 6.73066124e+03 0.00000000e+00]
[3.17103451e+01 1.26434448e-01 6.57612247e+03 0.00000000e+00]
[3.11017357e+01 1.26483571e-01 6.58906958e+03 0.00000000e+00]
[3.09045531e+01 1.26558472e-01 6.61666353e+03 0.00000000e+00]
[3.11834917e+01 1.26095614e-01 6.40441697e+03 0.00000000e+00]
[3.06977917e+01 1.25893002e-01 6.25897030e+03 0.00000000e+00]
[3.00350874e+01 1.25791633e-01 6.24554094e+03 0.00000000e+00]
[3.03835970e+01 1.25339695e-01 5.97168095e+03 0.00000000e+00]
[3.05663221e+01 1.25473118e-01 6.09776043e+03 0.00000000e+00]
[2.95660932e+01 1.25811408e-01 6.26878445e+03 0.00000000e+00]
[2.95488615e+01 1.25475687e-01 6.11115467e+03 0.00000000e+00]
[3.10867832e+01 1.25645635e-01 6.18673306e+03 0.00000000e+00]
[3.00368667e+01 1.25815577e-01 6.26489438e+03 0.00000000e+00]
[3.04490154e+01 1.25632812e-01 6.18945071e+03 0.00000000e+00]
[2.99986444e+01 1.25713546e-01 6.27400556e+03 0.00000000e+00]
[2.87549364e+01 1.25488114e-01 6.15546491e+03 0.00000000e+00]
[2.77716447e+01 1.25304458e-01 6.04960920e+03 0.00000000e+00]
[2.80568999e+01 1.25182536e-01 6.02082190e+03 0.00000000e+00]
[2.82234600e+01 1.25216881e-01 6.06267175e+03 0.00000000e+00]
[2.80937973e+01 1.25766050e-01 6.33169220e+03 0.00000000e+00]
[2.75449918e+01 1.25903127e-01 6.38359695e+03 0.00000000e+00]
[2.87448618e+01 1.25817359e-01 6.30613260e+03 0.00000000e+00]
[2.99739053e+01 1.25838185e-01 6.24801589e+03 0.00000000e+00]
[2.89759205e+01 1.25557709e-01 6.11939931e+03 0.00000000e+00]
[3.02621186e+01 1.25500821e-01 6.09235052e+03 0.00000000e+00]
[2.92680156e+01 1.25309949e-01 5.93776907e+03 0.00000000e+00]
[3.01071268e+01 1.25173503e-01 5.75718162e+03 0.00000000e+00]
[3.03529602e+01 1.25040546e-01 5.68677937e+03 0.00000000e+00]
[2.95438889e+01 1.24756197e-01 5.53614956e+03 0.00000000e+00]
[2.87749516e+01 1.24882414e-01 5.55562658e+03 0.00000000e+00]
[2.84908898e+01 1.24659990e-01 5.52093857e+03 0.00000000e+00]
[2.80837421e+01 1.24838852e-01 5.65227666e+03 0.00000000e+00]
[2.84115994e+01 1.24781447e-01 5.64452102e+03 0.00000000e+00]
[2.78697684e+01 1.24837556e-01 5.73848634e+03 0.00000000e+00]
[2.76882458e+01 1.24691623e-01 5.61337208e+03 0.00000000e+00]
[2.74836196e+01 1.24681558e-01 5.51544581e+03 0.00000000e+00]
[2.77506508e+01 1.24708115e-01 5.53799248e+03 0.00000000e+00]
[2.84820195e+01 1.24706718e-01 5.57858774e+03 0.00000000e+00]
[2.78861007e+01 1.24832533e-01 5.61019231e+03 0.00000000e+00]
[2.79623498e+01 1.24695659e-01 5.50876172e+03 0.00000000e+00]
[2.82261099e+01 1.24375899e-01 5.40393563e+03 0.00000000e+00]
[2.87696166e+01 1.24242887e-01 5.36043108e+03 0.00000000e+00]
[2.83995443e+01 1.24297656e-01 5.32050701e+03 0.00000000e+00]
[2.94235837e+01 1.24381407e-01 5.48141435e+03 0.00000000e+00]
[3.00543522e+01 1.24317953e-01 5.44631294e+03 0.00000000e+00]
[3.19174947e+01 1.24009483e-01 5.20063766e+03 0.00000000e+00]
[3.15893991e+01 1.24094063e-01 5.33058513e+03 0.00000000e+00]
[3.05435130e+01 1.24194370e-01 5.42459853e+03 0.00000000e+00]
[2.89227533e+01 1.24333791e-01 5.48759170e+03 0.00000000e+00]
[2.94118563e+01 1.24551641e-01 5.62188001e+03 0.00000000e+00]
[2.94544994e+01 1.24651078e-01 5.64594401e+03 0.00000000e+00]
[2.96819493e+01 1.24595548e-01 5.63084177e+03 0.00000000e+00]
[2.87958812e+01 1.24584309e-01 5.57314788e+03 0.00000000e+00]
[2.92936614e+01 1.24708918e-01 5.69563360e+03 0.00000000e+00]
[2.84240905e+01 1.24619927e-01 5.68650119e+03 0.00000000e+00]
[2.85110834e+01 1.24699945e-01 5.72047070e+03 0.00000000e+00]
[2.88206403e+01 1.24988447e-01 5.84789008e+03 0.00000000e+00]
[2.84950621e+01 1.25256851e-01 5.99912459e+03 0.00000000e+00]
[2.85548681e+01 1.25093666e-01 5.90340641e+03 0.00000000e+00]
[2.90464442e+01 1.24856081e-01 5.79681309e+03 0.00000000e+00]
[2.93622963e+01 1.24672393e-01 5.68107968e+03 0.00000000e+00]
[2.91455269e+01 1.24192408e-01 5.28500184e+03 0.00000000e+00]
[2.91434548e+01 1.24315397e-01 5.28971822e+03 0.00000000e+00]
[2.93123319e+01 1.24524093e-01 5.55032560e+03 0.00000000e+00]
[3.07098464e+01 1.24251926e-01 5.41636594e+03 0.00000000e+00]
[3.12735136e+01 1.24217468e-01 5.41417686e+03 0.00000000e+00]
[3.02444611e+01 1.23903858e-01 5.22604705e+03 0.00000000e+00]
[2.97181095e+01 1.23976219e-01 5.19351199e+03 0.00000000e+00]
[2.97602960e+01 1.23875540e-01 4.97997927e+03 0.00000000e+00]
[2.96224388e+01 1.23730779e-01 4.69950861e+03 0.00000000e+00]
[2.88932204e+01 1.23720648e-01 4.81641363e+03 0.00000000e+00]
[2.84861883e+01 1.23574624e-01 4.70078608e+03 0.00000000e+00]
[2.86462336e+01 1.23387046e-01 4.58292471e+03 0.00000000e+00]
[2.99570858e+01 1.23265455e-01 4.46031882e+03 0.00000000e+00]
[3.08025546e+01 1.23300870e-01 4.37396643e+03 0.00000000e+00]
[3.24611345e+01 1.23240190e-01 4.31568943e+03 0.00000000e+00]
[3.22206616e+01 1.23419497e-01 4.39067542e+03 0.00000000e+00]
[3.15181329e+01 1.23592745e-01 4.50483146e+03 0.00000000e+00]
[3.21619971e+01 1.23666033e-01 4.50875222e+03 0.00000000e+00]
[3.26874201e+01 1.23627489e-01 4.59293948e+03 0.00000000e+00]
[3.21252334e+01 1.23630287e-01 4.64919377e+03 0.00000000e+00]
[3.23568796e+01 1.23442085e-01 4.65671144e+03 0.00000000e+00]
[3.25824847e+01 1.23149495e-01 4.53659267e+03 0.00000000e+00]
[3.12413112e+01 1.23092524e-01 4.50147552e+03 0.00000000e+00]
[3.13410788e+01 1.23077665e-01 4.62570306e+03 0.00000000e+00]
[3.20141006e+01 1.22967350e-01 4.74291004e+03 0.00000000e+00]
[3.32342578e+01 1.23264459e-01 4.91928985e+03 0.00000000e+00]
[3.19199505e+01 1.23255584e-01 4.91719036e+03 0.00000000e+00]
[3.08349784e+01 1.23534319e-01 5.12510955e+03 0.00000000e+00]
[2.99866007e+01 1.23639195e-01 5.25206028e+03 0.00000000e+00]
[3.00443013e+01 1.23787973e-01 5.37757180e+03 0.00000000e+00]
[3.15269954e+01 1.23687705e-01 5.30940117e+03 0.00000000e+00]
[3.29551354e+01 1.23590764e-01 5.20596087e+03 0.00000000e+00]
[3.33084138e+01 1.23972572e-01 5.46779332e+03 0.00000000e+00]
[3.38797051e+01 1.24006952e-01 5.49794415e+03 0.00000000e+00]
[3.36148871e+01 1.24202755e-01 5.60702318e+03 0.00000000e+00]
[3.35208180e+01 1.24090283e-01 5.58597864e+03 0.00000000e+00]
[3.36187305e+01 1.23932712e-01 5.53899989e+03 0.00000000e+00]
[3.34885129e+01 1.23701817e-01 5.36129440e+03 0.00000000e+00]
[3.18197992e+01 1.23873396e-01 5.43843833e+03 0.00000000e+00]
[3.29426022e+01 1.23794314e-01 5.38285539e+03 0.00000000e+00]
[3.42483828e+01 1.23805093e-01 5.37624036e+03 0.00000000e+00]
[3.42430659e+01 1.23836789e-01 5.37758948e+03 0.00000000e+00]
[3.41327967e+01 1.24016437e-01 5.48604689e+03 0.00000000e+00]
[3.46672059e+01 1.23996640e-01 5.44739325e+03 0.00000000e+00]
[3.45971831e+01 1.23890664e-01 5.33925463e+03 0.00000000e+00]
[3.47652575e+01 1.23866608e-01 5.35240700e+03 0.00000000e+00]
[3.27110426e+01 1.24074698e-01 5.50401143e+03 0.00000000e+00]
[3.36065140e+01 1.23941226e-01 5.43688837e+03 0.00000000e+00]
[3.44109529e+01 1.24016464e-01 5.50513946e+03 0.00000000e+00]
[3.33619932e+01 1.23759300e-01 5.38594085e+03 0.00000000e+00]
[3.46415354e+01 1.23599816e-01 5.29654595e+03 0.00000000e+00]
[3.54370404e+01 1.23666326e-01 5.31600892e+03 0.00000000e+00]
[3.69695682e+01 1.23680448e-01 5.27694304e+03 0.00000000e+00]
[3.74945516e+01 1.23961925e-01 5.42611527e+03 0.00000000e+00]
[3.67464022e+01 1.24009748e-01 5.43933036e+03 0.00000000e+00]
[3.66307365e+01 1.24030604e-01 5.46153819e+03 0.00000000e+00]
[3.63331193e+01 1.23867469e-01 5.32988655e+03 0.00000000e+00]
[3.78780537e+01 1.23519306e-01 5.06655501e+03 0.00000000e+00]
[3.74937503e+01 1.23507600e-01 5.00845428e+03 0.00000000e+00]
[3.93890838e+01 1.23838933e-01 5.24285246e+03 0.00000000e+00]
[3.96828891e+01 1.23873124e-01 5.24359634e+03 0.00000000e+00]
[4.07306469e+01 1.23803117e-01 5.19166624e+03 0.00000000e+00]
[4.02344269e+01 1.23852814e-01 5.21535060e+03 0.00000000e+00]
[4.09696942e+01 1.23778518e-01 5.18184525e+03 0.00000000e+00]
[3.90449661e+01 1.23882157e-01 5.30626374e+03 0.00000000e+00]
[4.01989882e+01 1.23765986e-01 5.19638555e+03 0.00000000e+00]
[4.03966341e+01 1.23867086e-01 5.25701223e+03 0.00000000e+00]
[3.98605042e+01 1.23927844e-01 5.26693931e+03 0.00000000e+00]
[4.02574484e+01 1.23724126e-01 5.06697420e+03 0.00000000e+00]
[4.05114312e+01 1.23743370e-01 5.12127625e+03 0.00000000e+00]
[4.12942453e+01 1.23611899e-01 5.07066522e+03 0.00000000e+00]
[4.23820987e+01 1.23547569e-01 5.06406814e+03 0.00000000e+00]
[4.11842027e+01 1.23328023e-01 4.93578438e+03 0.00000000e+00]
[3.98516348e+01 1.23172862e-01 4.90030652e+03 0.00000000e+00]
[3.97217239e+01 1.23102631e-01 4.85899142e+03 0.00000000e+00]
[3.93848896e+01 1.22953903e-01 4.77132338e+03 0.00000000e+00]
[3.96835229e+01 1.22805529e-01 4.67083148e+03 0.00000000e+00]
[3.88377320e+01 1.22852257e-01 4.68217752e+03 0.00000000e+00]
[4.03511929e+01 1.23089884e-01 4.86410576e+03 0.00000000e+00]
[4.04486229e+01 1.23008421e-01 4.85398665e+03 0.00000000e+00]
[3.91403566e+01 1.22894246e-01 4.65736259e+03 0.00000000e+00]
[3.88771112e+01 1.22940011e-01 4.65561179e+03 0.00000000e+00]
[3.99191243e+01 1.22930141e-01 4.68372920e+03 0.00000000e+00]
[3.94199922e+01 1.23020859e-01 4.77318783e+03 0.00000000e+00]
[3.65128125e+01 1.22921450e-01 4.88120161e+03 0.00000000e+00]
[3.54322254e+01 1.22987928e-01 4.94426718e+03 0.00000000e+00]
[3.67745192e+01 1.22909429e-01 4.78991141e+03 0.00000000e+00]
[3.64187610e+01 1.22741367e-01 4.66759214e+03 0.00000000e+00]
[3.76080048e+01 1.22602827e-01 4.51449290e+03 0.00000000e+00]
[3.57182863e+01 1.22547164e-01 4.59439614e+03 0.00000000e+00]
[3.55932605e+01 1.22757817e-01 4.83206420e+03 0.00000000e+00]
[3.65232607e+01 1.22752740e-01 4.85406807e+03 0.00000000e+00]
[3.63648101e+01 1.22701409e-01 4.87080879e+03 0.00000000e+00]
[3.64217649e+01 1.22523479e-01 4.65137231e+03 0.00000000e+00]
[3.62793061e+01 1.22907339e-01 4.94944650e+03 0.00000000e+00]
[3.66789056e+01 1.23272954e-01 5.19793240e+03 0.00000000e+00]
[3.91214591e+01 1.23733729e-01 5.38207592e+03 0.00000000e+00]
[4.11056687e+01 1.24001192e-01 5.41537271e+03 0.00000000e+00]
[4.02108995e+01 1.24071048e-01 5.53666352e+03 0.00000000e+00]
[4.05955485e+01 1.23942925e-01 5.46918712e+03 0.00000000e+00]
[4.20250276e+01 1.24072203e-01 5.43395084e+03 0.00000000e+00]
[4.15802095e+01 1.24292107e-01 5.54315088e+03 0.00000000e+00]
[4.11803459e+01 1.24264022e-01 5.59430858e+03 0.00000000e+00]
[4.07386903e+01 1.24411720e-01 5.70014814e+03 0.00000000e+00]
[3.92775798e+01 1.24032170e-01 5.53477397e+03 0.00000000e+00]
[3.71149182e+01 1.24132425e-01 5.64135194e+03 0.00000000e+00]
[3.56798464e+01 1.23920715e-01 5.50217469e+03 0.00000000e+00]
[3.67372539e+01 1.23771242e-01 5.41140601e+03 0.00000000e+00]
[3.89553604e+01 1.23990949e-01 5.48561904e+03 0.00000000e+00]
[3.93636410e+01 1.23817841e-01 5.36205700e+03 0.00000000e+00]
[4.00431939e+01 1.23755374e-01 5.29118465e+03 0.00000000e+00]
[4.09547022e+01 1.23873385e-01 5.28277258e+03 0.00000000e+00]
[3.90887300e+01 1.23732698e-01 5.23876766e+03 0.00000000e+00]
[3.94121546e+01 1.23555896e-01 5.12881689e+03 0.00000000e+00]
[3.95666161e+01 1.23726654e-01 5.22602723e+03 0.00000000e+00]
[4.03398045e+01 1.23641662e-01 5.14689870e+03 0.00000000e+00]
[4.01860828e+01 1.23718645e-01 5.14767735e+03 0.00000000e+00]
[4.02886763e+01 1.23458980e-01 4.99845815e+03 0.00000000e+00]
[4.04154887e+01 1.23583911e-01 5.06006023e+03 0.00000000e+00]
[3.98085235e+01 1.23637025e-01 5.13248780e+03 0.00000000e+00]
[3.98350793e+01 1.23472690e-01 5.04770088e+03 0.00000000e+00]
[4.10540357e+01 1.23466396e-01 5.05560155e+03 0.00000000e+00]
[4.01734970e+01 1.23482957e-01 5.09893312e+03 0.00000000e+00]
[3.94239338e+01 1.23365594e-01 5.01120076e+03 0.00000000e+00]
[4.08413981e+01 1.23414441e-01 4.94316973e+03 0.00000000e+00]
[4.05125890e+01 1.23287353e-01 4.87017646e+03 0.00000000e+00]
[4.13601083e+01 1.23547011e-01 4.96605658e+03 0.00000000e+00]
[4.21890524e+01 1.23584101e-01 4.98592508e+03 0.00000000e+00]
[4.22207624e+01 1.23637054e-01 5.04244049e+03 0.00000000e+00]
[4.30133214e+01 1.23978217e-01 5.17410020e+03 0.00000000e+00]
[4.27605154e+01 1.24167960e-01 5.28643542e+03 0.00000000e+00]
[4.15412166e+01 1.24048258e-01 5.28697228e+03 0.00000000e+00]
[4.14891119e+01 1.23612854e-01 5.02793093e+03 0.00000000e+00]
[4.14218142e+01 1.23973583e-01 5.16622362e+03 0.00000000e+00]
[4.22968070e+01 1.23597589e-01 4.87676520e+03 0.00000000e+00]
[4.14857156e+01 1.23352397e-01 4.80239634e+03 0.00000000e+00]
[4.27594698e+01 1.23222153e-01 4.61425690e+03 0.00000000e+00]
[4.43620176e+01 1.23448232e-01 4.78131379e+03 0.00000000e+00]
[4.42600598e+01 1.23529185e-01 4.81520607e+03 0.00000000e+00]
[4.43047551e+01 1.23646445e-01 4.84750845e+03 0.00000000e+00]
[4.20939712e+01 1.23553120e-01 4.85475729e+03 0.00000000e+00]
[4.39299459e+01 1.23786646e-01 4.94863752e+03 0.00000000e+00]
[4.45450505e+01 1.23598857e-01 4.77283812e+03 0.00000000e+00]
[4.46091024e+01 1.23421001e-01 4.61134971e+03 0.00000000e+00]
[4.49117547e+01 1.23613769e-01 4.80035543e+03 0.00000000e+00]
[4.43992682e+01 1.23597535e-01 4.74342365e+03 0.00000000e+00]
[4.37369048e+01 1.23873329e-01 4.86952363e+03 0.00000000e+00]
[4.44989656e+01 1.24209686e-01 4.99355456e+03 0.00000000e+00]
[4.44386171e+01 1.23995337e-01 4.84018595e+03 0.00000000e+00]
[4.33220279e+01 1.23876147e-01 4.77961615e+03 0.00000000e+00]
[4.24110190e+01 1.23858719e-01 4.77900491e+03 0.00000000e+00]
[4.29822146e+01 1.23974455e-01 4.77091687e+03 0.00000000e+00]
[4.24131765e+01 1.24076516e-01 4.89440830e+03 0.00000000e+00]
[4.41711529e+01 1.24570676e-01 5.16725958e+03 0.00000000e+00]
[4.57047196e+01 1.24911137e-01 5.32961822e+03 0.00000000e+00]
[4.53753000e+01 1.24893190e-01 5.37013973e+03 0.00000000e+00]
[4.61474867e+01 1.25100831e-01 5.42066968e+03 0.00000000e+00]
[4.42792800e+01 1.24797449e-01 5.29747024e+03 0.00000000e+00]
[4.27041438e+01 1.24710211e-01 5.34024918e+03 0.00000000e+00]
[4.10913215e+01 1.24813270e-01 5.44363053e+03 0.00000000e+00]
[3.98922003e+01 1.24816955e-01 5.49775627e+03 0.00000000e+00]
[4.11477194e+01 1.25207866e-01 5.61328201e+03 0.00000000e+00]
[4.24324833e+01 1.25240051e-01 5.61597085e+03 0.00000000e+00]
[4.19656118e+01 1.25189174e-01 5.59527573e+03 0.00000000e+00]
[4.18806128e+01 1.25219200e-01 5.61609210e+03 0.00000000e+00]
[4.19809087e+01 1.25333517e-01 5.69069295e+03 0.00000000e+00]
[4.19576734e+01 1.24974270e-01 5.51906445e+03 0.00000000e+00]
[4.15312567e+01 1.24802537e-01 5.48866268e+03 0.00000000e+00]
[4.27369711e+01 1.24813802e-01 5.41842117e+03 0.00000000e+00]
[4.44236387e+01 1.25009124e-01 5.45424874e+03 0.00000000e+00]
[4.34608993e+01 1.24948568e-01 5.44602879e+03 0.00000000e+00]
[4.58873739e+01 1.25219875e-01 5.51797143e+03 0.00000000e+00]
[4.77328324e+01 1.25857705e-01 5.73875815e+03 0.00000000e+00]
[4.75481237e+01 1.25410706e-01 5.50250258e+03 0.00000000e+00]
[4.67845502e+01 1.25499876e-01 5.58422987e+03 0.00000000e+00]
[4.77369771e+01 1.25867191e-01 5.73755353e+03 0.00000000e+00]
[4.81924135e+01 1.25722438e-01 5.62585496e+03 0.00000000e+00]
[4.99666674e+01 1.26010301e-01 5.66875616e+03 0.00000000e+00]
[5.06223297e+01 1.26123413e-01 5.65787318e+03 0.00000000e+00]
[5.22715301e+01 1.26149324e-01 5.59050075e+03 0.00000000e+00]
[5.39101817e+01 1.26347417e-01 5.59117099e+03 0.00000000e+00]
[5.37885482e+01 1.25854364e-01 5.40162121e+03 0.00000000e+00]
[5.56898472e+01 1.26604857e-01 5.63956352e+03 0.00000000e+00]