[  15.01370079    8.96915731 1148.05213578    0.        ]
[  16.05732216    8.64326607 1106.33805743    0.        ]
[  18.31569704    8.1781985  1046.8094077     0.        ]
[  17.98796926    8.56102947 1095.81177273    0.        ]
[  19.48216435    7.95072964 1017.69339355    0.        ]
[  19.93925644    7.8478288  1004.52208597    0.        ]
[ 19.64312935   7.50433905 960.55539838   0.        ]
[ 19.35533198   7.3666588  942.93232606   0.        ]
[ 19.42963489   7.41132819 948.6500087    0.        ]
[ 19.51721651   7.65422195 979.74040974   0.        ]
[ 19.36764871   7.51914967 962.45115762   0.        ]
[ 19.54173687   7.54226191 965.40952458   0.        ]
[ 19.9692343    7.50056136 960.07185413   0.        ]
[ 19.50851634   7.43668636 951.89585446   0.        ]
[ 18.59722032   7.02222414 898.84469056   0.        ]
[ 18.26728826   6.68776809 856.03431603   0.        ]
[ 18.65424231   6.06554845 776.39020169   0.        ]
[ 18.05740422   6.35829484 813.86173927   0.        ]
[ 18.85167725   6.23790856 798.45229561   0.        ]
[ 19.25974849   6.31037661 807.72820633   0.        ]
[ 18.81992107   5.94834993 761.38879166   0.        ]
[ 18.18609696   5.97920214 765.33787359   0.        ]
[ 19.15208034   6.20498757 794.23840905   0.        ]
[ 18.14273094   5.97696351 765.05132919   0.        ]
[ 19.03285954   5.9990894  767.88344272   0.        ]
[ 18.38949357   6.14295861 786.29870173   0.        ]
[ 18.64579773   5.99809645 767.75634518   0.        ]
[ 18.91678613   6.19936514 793.51873755   0.        ]
[ 18.24747848   6.38528377 817.31632199   0.        ]
[ 18.64849301   6.12036645 783.40690509   0.        ]
[ 19.23067437   5.8105862  743.75503349   0.        ]
[ 19.01214652   5.99447734 767.29310016   0.        ]
[ 19.09113016   5.76755578 738.24714003   0.        ]
[ 19.28111325   5.96893068 764.02312651   0.        ]
[ 18.24857502   5.87650534 752.192684     0.        ]
[ 19.59089178   5.775551   739.27052824   0.        ]
[ 20.17662557   5.40524156 691.87091965   0.        ]
[ 20.10714636   5.47770756 701.14656784   0.        ]
[ 19.59432999   5.50184183 704.23575404   0.        ]
[ 20.49192686   5.48197024 701.69219042   0.        ]
[ 20.57288657   5.22387945 668.65656942   0.        ]
[ 19.83613435   5.17627114 662.56270544   0.        ]
[ 19.8497669    5.22740496 669.10783546   0.        ]
[ 19.47080683   5.43007111 695.04910152   0.        ]
[ 20.15672433   4.98646769 638.26786388   0.        ]
[ 19.31043243   5.08985627 651.50160241   0.        ]
[ 20.87281897   4.98012432 637.45591285   0.        ]
[ 20.76217648   4.99033283 638.76260221   0.        ]
[ 21.44791497   5.05336512 646.83073504   0.        ]
[ 20.79484117   4.93273807 631.39047247   0.        ]
[ 21.87962952   4.88712605 625.55213473   0.        ]
[ 21.84483374   4.85398547 621.31014042   0.        ]
[ 22.61461638   4.74910669 607.88565624   0.        ]
[ 22.95771878   4.74473467 607.32603725   0.        ]
[ 22.76100237   4.76196503 609.53152321   0.        ]
[ 22.8437999    4.7254991  604.86388459   0.        ]
[ 22.10039739   4.78685945 612.71800982   0.        ]
[ 22.66418712   4.73055929 605.51158864   0.        ]
[ 22.78867794   4.76995501 610.55424085   0.        ]
[ 23.36461504   4.75804955 609.03034211   0.        ]
[ 22.97317884   4.74717981 607.6390161    0.        ]
[ 22.73783509   4.75110733 608.1417381    0.        ]
[ 22.6131689    4.70783994 602.60351239   0.        ]
[ 22.21029596   4.69250467 600.640598     0.        ]
[ 22.82604545   4.57444569 585.52904774   0.        ]
[ 22.20149976   4.65708865 596.10734704   0.        ]
[ 23.05291055   4.6018665  589.0389116    0.        ]
[ 23.38891428   4.61730191 591.01464432   0.        ]
[ 23.19452076   4.51215187 577.55543967   0.        ]
[ 23.70515166   4.47463799 572.7536629    0.        ]
[ 23.69947104   4.41849953 565.5679399    0.        ]
[ 23.51358741   4.42906084 566.91978809   0.        ]
[ 23.70680446   4.4208148  565.86429384   0.        ]
[ 23.74520269   4.41205925 564.74358363   0.        ]
[ 24.14057877   4.37418289 559.89540973   0.        ]
[ 24.59672626   4.3314278  554.42275891   0.        ]
[ 24.4460143    4.30206647 550.66450776   0.        ]
[ 24.00835715   4.35289126 557.17008074   0.        ]
[ 24.87894616   4.25509381 544.65200756   0.        ]
[ 24.61454995   4.32865231 554.06749629   0.        ]
[ 24.22889328   4.31832583 552.74570626   0.        ]
[ 25.05930329   4.26214735 545.55486079   0.        ]
[ 24.90233075   4.24396042 543.22693412   0.        ]
[ 24.69798479   4.28157594 548.04171986   0.        ]
[ 25.07061025   4.19297744 536.70111272   0.        ]
[ 25.06678593   4.19115483 536.4678179    0.        ]
[ 25.44821185   4.15044545 531.25701752   0.        ]
[ 25.58376385   4.1600279  532.48357124   0.        ]
[ 25.41101084   4.2091896  538.77626852   0.        ]
[ 25.08233517   4.14666356 530.77293632   0.        ]
[ 25.02004702   4.17506585 534.40842943   0.        ]
[ 24.86042575   4.14366861 530.38958162   0.        ]
[ 24.60113319   4.14580039 530.6624502    0.        ]
[ 25.21337403   4.14343567 530.35976612   0.        ]
[ 25.00532724   4.11528253 526.75616421   0.        ]
[ 24.50883621   4.13552238 529.34686485   0.        ]
[ 24.95531429   4.11882651 527.20979306   0.        ]
[ 25.14983106   4.09100579 523.64874089   0.        ]
[ 25.11018428   4.10636317 525.61448607   0.        ]
[ 25.12201284   4.10246257 525.11520927   0.        ]
[ 25.00518417   4.11109851 526.22060886   0.        ]
[ 25.10111956   4.13694133 529.52849004   0.        ]
[ 24.99926776   4.09652994 524.35583289   0.        ]
[ 25.12727047   4.09520315 524.18600337   0.        ]
[ 25.11802326   4.08819479 523.28893348   0.        ]
[ 24.91902242   4.08225913 522.52916805   0.        ]
[ 24.45404133   4.11769267 527.06466148   0.        ]
[ 25.12605399   4.07840337 522.03563101   0.        ]
[ 25.32253374   4.09436378 524.07856349   0.        ]
[ 24.92641906   4.10715515 525.71585887   0.        ]
[ 24.96383781   4.06730585 520.61514891   0.        ]
[ 25.18813482   4.02866196 515.6687307    0.        ]
[ 25.28115534   4.01275866 513.63310856   0.        ]
[ 24.96065842   4.02909739 515.7244657    0.        ]
[ 25.00271548   3.99574268 511.45506311   0.        ]
[ 25.55066918   3.9465447  505.15772148   0.        ]
[ 25.79588312   3.92753578 502.72458021   0.        ]
[ 25.75936559   3.89995888 499.19473647   0.        ]
[ 25.67903139   3.89746596 498.87564249   0.        ]
[ 25.55660178   3.88991362 497.90894343   0.        ]
[ 25.27405362   3.92072539 501.85284929   0.        ]
[ 25.31613308   3.91484062 501.09959896   0.        ]
[ 25.65506497   3.92552133 502.46673067   0.        ]
[ 25.3206462    3.93062929 503.12054881   0.        ]
[ 25.171452     3.92455646 502.34322665   0.        ]
[ 25.73329422   3.8514448  492.98493419   0.        ]
[ 25.83157157   3.83299276 490.62307391   0.        ]
[ 26.01446121   3.82156001 489.1596819    0.        ]
[ 25.87875451   3.82939524 490.16259063   0.        ]
[ 25.97042583   3.81697024 488.57219068   0.        ]
[ 26.07054308   3.84333135 491.9464131    0.        ]
[ 25.59073923   3.86109334 494.21994789   0.        ]
[ 25.83324612   3.84065455 491.603782     0.        ]
[ 26.37558746   3.8064192  487.22165716   0.        ]
[ 26.33332492   3.80040958 486.45242662   0.        ]
[ 26.29201464   3.79375941 485.60120512   0.        ]
[ 26.34626339   3.78043662 483.89588773   0.        ]
[ 26.4208911    3.79098682 485.24631269   0.        ]
[ 26.45649024   3.77114391 482.70642088   0.        ]
[ 26.51973153   3.75394793 480.50533525   0.        ]
[ 26.68914988   3.70934283 474.79588181   0.        ]
[ 26.82089813   3.70515355 474.25965501   0.        ]
[ 27.05214047   3.69509591 472.97227664   0.        ]
[ 27.2621884    3.69941327 473.52489891   0.        ]
[ 26.95245629   3.69520193 472.98584753   0.        ]
[ 26.68840553   3.7119778  475.13315783   0.        ]
[ 26.97615066   3.69598162 473.0856469    0.        ]
[ 26.75970315   3.69985703 473.58170029   0.        ]
[ 26.97113548   3.69678671 473.1886992    0.        ]
[ 27.02958853   3.70614062 474.38599926   0.        ]
[ 26.90069408   3.69738585 473.26538935   0.        ]
[ 26.89900313   3.69776458 473.31386618   0.        ]
[ 26.80057379   3.71265072 475.21929223   0.        ]
[ 26.76453594   3.71193457 475.12762462   0.        ]
[ 26.90800094   3.70491891 474.22962098   0.        ]
[ 26.86524911   3.70426611 474.14606186   0.        ]
[ 26.95226739   3.70565192 474.32344548   0.        ]
[ 27.22858319   3.68830767 472.10338194   0.        ]
[ 27.32592139   3.68767553 472.02246772   0.        ]
[ 27.22996698   3.69164507 472.53056832   0.        ]
[ 26.85440671   3.71524105 475.55085444   0.        ]
[ 27.06095283   3.69930062 473.51047904   0.        ]
[ 27.34971934   3.67937902 470.96051485   0.        ]
[ 27.39805569   3.6687909  469.60523516   0.        ]
[ 27.48135065   3.66308537 468.87492702   0.        ]
[ 27.39769877   3.67446476 470.33148927   0.        ]
[ 27.3246875    3.66673977 469.34269112   0.        ]
[ 27.4907395    3.66287117 468.84751006   0.        ]
[ 27.34729246   3.66741577 469.42921886   0.        ]
[ 27.48827143   3.67318312 470.16743924   0.        ]
[ 27.41241029   3.64964466 467.15451694   0.        ]
[ 27.74729231   3.62144373 463.54479795   0.        ]
[ 27.65155629   3.6474945  466.87929644   0.        ]
[ 27.55646635   3.63385985 465.13406103   0.        ]
[ 27.83415263   3.61789712 463.09083195   0.        ]
[ 27.85984008   3.61692814 462.96680241   0.        ]
[ 27.80875878   3.61616885 462.86961287   0.        ]
[ 27.73028257   3.62058242 463.43455023   0.        ]
[ 27.73350431   3.63021635 464.66769261   0.        ]
[ 27.78905223   3.61296718 462.45979907   0.        ]
[ 27.88704465   3.60018765 460.8240196    0.        ]
[ 27.91788588   3.58286023 458.60610992   0.        ]
[ 28.08720155   3.56068865 455.76814696   0.        ]
[ 27.93569963   3.56956512 456.90433564   0.        ]
[ 28.18226037   3.54475246 453.72831468   0.        ]
[ 28.38607142   3.53370213 452.31387248   0.        ]
[ 28.45214876   3.53144256 452.02464825   0.        ]
[ 28.50659971   3.53211762 452.11105524   0.        ]
[ 28.28199756   3.55440259 454.96353185   0.        ]
[ 28.63716046   3.52019555 450.58503002   0.        ]
[ 28.74415683   3.52292654 450.9345977    0.        ]
[ 28.69801944   3.50821454 449.0514612    0.        ]
[ 28.72346996   3.50541027 448.69251481   0.        ]
[ 28.49810951   3.49788726 447.72956889   0.        ]
[ 28.33235486   3.50317767 448.4067417    0.        ]
[ 28.45347293   3.4841175  445.96703962   0.        ]
[ 28.29265896   3.48013441 445.45720418   0.        ]
[ 28.23066076   3.49002226 446.72284938   0.        ]
[ 28.27430422   3.48570721 446.17052252   0.        ]
[ 28.5422725    3.4710584  444.29547477   0.        ]
[ 28.60751491   3.4665619  443.71992261   0.        ]
[ 28.63020075   3.46175272 443.10434797   0.        ]
[ 28.55829291   3.46176415 443.1058113    0.        ]
[ 28.51912939   3.4716899  444.37630763   0.        ]
[ 28.56606198   3.45211938 441.87128013   0.        ]
[ 28.47844268   3.47576624 444.89807858   0.        ]
[ 28.48499832   3.44704383 441.22161069   0.        ]
[ 28.6793603    3.44660733 441.16573849   0.        ]
[ 28.47408545   3.44324457 440.73530442   0.        ]
[ 28.56420787   3.43127485 439.20318071   0.        ]
[ 28.64676975   3.42587699 438.51225505   0.        ]
[ 28.62064602   3.42143146 437.94322635   0.        ]
[ 28.67097858   3.41828019 437.5398645    0.        ]
[ 28.62966146   3.40862272 436.30370809   0.        ]
[ 28.54381048   3.42191381 438.00496811   0.        ]
[ 28.69123637   3.41053747 436.54879679   0.        ]
[ 28.75623711   3.39907345 435.08140107   0.        ]
[ 28.87331204   3.39202664 434.1794093    0.        ]
[ 29.02666167   3.39027655 433.95539863   0.        ]
[ 29.01066876   3.39697779 434.81315715   0.        ]
[ 29.00410753   3.38522828 433.30922034   0.        ]
[ 28.88255422   3.3823777  432.94434517   0.        ]
[ 28.78148496   3.38813447 433.68121253   0.        ]
[ 28.8965561    3.3786732  432.47016978   0.        ]
[ 28.98903461   3.37430465 431.91099486   0.        ]
[ 28.9892576    3.37067309 431.44615572   0.        ]
[ 29.05432354   3.36468563 430.67976023   0.        ]
[ 29.15720791   3.36245359 430.39405892   0.        ]
[ 29.2685896    3.35569091 429.52843691   0.        ]
[ 29.16817675   3.36237299 430.38374288   0.        ]
[ 29.28680392   3.35357125 429.25711976   0.        ]
[ 29.21838065   3.36132887 430.25009555   0.        ]
[ 29.25835538   3.36487259 430.70369123   0.        ]
[ 29.17823818   3.36371751 430.55584077   0.        ]
[ 29.21997227   3.35114112 428.94606343   0.        ]
[ 29.31358815   3.34548901 428.22259274   0.        ]
[ 29.38507206   3.34429939 428.07032214   0.        ]
[ 29.32024959   3.35707406 429.70547927   0.        ]
[ 29.39220978   3.345363   428.20646456   0.        ]
[ 29.43931417   3.33879176 427.36534589   0.        ]
[ 29.49304255   3.32683516 425.83490001   0.        ]
[ 29.49134748   3.33426699 426.78617408   0.        ]
[ 29.38563009   3.33255983 426.5676581    0.        ]
[ 29.48772436   3.32550937 425.66519928   0.        ]
[ 29.44951211   3.32834692 426.02840537   0.        ]
[ 29.42440037   3.33808604 427.27501294   0.        ]
[ 29.49535087   3.32426568 425.50600709   0.        ]
[ 29.41365488   3.32610605 425.74157421   0.        ]
[ 29.61969598   3.31893352 424.82349052   0.        ]
[ 29.63487118   3.31994201 424.95257754   0.        ]
[ 29.53183249   3.32433572 425.51497218   0.        ]
[ 29.56440999   3.32012458 424.97594684   0.        ]
[ 29.63252916   3.31652237 424.51486308   0.        ]
[ 29.6899863    3.31631975 424.48892745   0.        ]
[ 29.63211659   3.31382018 424.16898338   0.        ]
[ 29.57781007   3.31157852 423.88205117   0.        ]
[ 29.62671287   3.30562285 423.11972505   0.        ]
[ 29.79381623   3.29725032 422.04804107   0.        ]
[ 29.77578699   3.29407943 421.64216712   0.        ]
[ 29.74436798   3.29188069 421.36072774   0.        ]
[ 29.74950122   3.28653305 420.67622996   0.        ]
[ 29.65893908   3.29333172 421.54646006   0.        ]
[ 29.78776887   3.29181017 421.35170177   0.        ]
[ 29.702316     3.28664413 420.69044854   0.        ]
[ 29.69940234   3.28730947 420.77561273   0.        ]
[ 29.7319517    3.29013954 421.13786053   0.        ]
[ 29.70796502   3.28512679 420.49622976   0.        ]
[ 29.64247621   3.28558437 420.55479993   0.        ]
[ 29.66574346   3.28578341 420.58027603   0.        ]
[ 29.68535814   3.27805464 419.59099386   0.        ]
[ 29.63355526   3.27700537 419.4566868    0.        ]
[ 29.59468839   3.27386357 419.05453677   0.        ]
[ 29.65191737   3.27095359 418.68205999   0.        ]
[ 29.7394718    3.26132466 417.44955696   0.        ]
[ 29.78476749   3.2572283  416.92522227   0.        ]
[ 29.785158     3.25834449 417.06809511   0.        ]
[ 29.78087616   3.25929348 417.18956513   0.        ]
[ 29.82896674   3.25001515 416.00193865   0.        ]
[ 29.80774493   3.24970335 415.96202817   0.        ]
[ 29.76902127   3.25947065 417.2122431    0.        ]
[ 29.73469616   3.25484462 416.62011098   0.        ]
[ 29.79456849   3.24921268 415.89922362   0.        ]
[ 29.83953899   3.24469615 415.32110779   0.        ]
[ 29.78340541   3.24930285 415.9107644    0.        ]
[ 29.83117376   3.24558144 415.4344241    0.        ]
[ 29.83789328   3.24144245 414.90463418   0.        ]
[ 29.86025336   3.2418423  414.95581417   0.        ]
[ 29.78336621   3.24054835 414.79018932   0.        ]
[ 29.73791883   3.25333989 416.42750614   0.        ]
[ 29.7395726    3.24479559 415.33383568   0.        ]
[ 29.74665184   3.24679223 415.58940517   0.        ]
[ 29.75031491   3.23757725 414.40988848   0.        ]
[ 29.7322045    3.23832591 414.50571634   0.        ]
[ 29.80324598   3.23907398 414.60146969   0.        ]
[ 29.75771843   3.23786177 414.44630608   0.        ]
[ 29.83793164   3.23098167 413.56565357   0.        ]
[ 29.84008972   3.23650303 414.27238752   0.        ]
[ 29.84130914   3.22681393 413.0321825    0.        ]
[ 29.83862403   3.22961739 413.3910257    0.        ]
[ 29.91984777   3.22134399 412.33203115   0.        ]
[ 30.01398378   3.21693132 411.76720845   0.        ]