[ 22.9096063    3.17697009 406.65217159   0.        ]
[ 24.81324295   3.26041174 417.3327023    0.        ]
[ 23.0833899    2.85770142 365.78578152   0.        ]
[ 24.72682741   2.80603966 359.17307691   0.        ]
[ 25.14195177   2.95232252 377.89728301   0.        ]
[ 24.73702549   2.57545698 329.65849396   0.        ]
[ 25.82903518   2.45244678 313.91318752   0.        ]
[ 25.45718243   2.22525819 284.83304859   0.        ]
[ 26.0512928    2.01664133 258.13009057   0.        ]
[ 26.03344586   2.07780391 265.95889995   0.        ]
[ 25.12753839   2.17410872 278.28591621   0.        ]
[ 25.94624469   1.99313579 255.12138105   0.        ]
[ 26.0956428    1.81397087 232.18827107   0.        ]
[ 25.31761101   1.74829656 223.78196026   0.        ]
[ 25.24529056   1.82586176 233.71030515   0.        ]
[ 25.84070912   1.76683229 226.15453301   0.        ]
[ 25.20687512   1.72756848 221.12876553   0.        ]
[ 25.33889297   1.87771754 240.34784542   0.        ]
[ 25.07716854   1.735178   222.10278367   0.        ]
[ 25.68523531   1.76778479 226.27645315   0.        ]
[ 23.93735944   1.67814762 214.8028955    0.        ]
[ 24.78301084   1.59219323 203.80073321   0.        ]
[ 24.66935344   1.65548723 211.90236543   0.        ]
[ 25.08965724   1.64682689 210.79384203   0.        ]
[ 25.27930986   1.63562452 209.35993878   0.        ]
[ 24.30542425   1.54503599 197.76460728   0.        ]
[ 24.73691607   1.4877278  190.42915782   0.        ]
[ 24.13997951   1.5161241  194.06388509   0.        ]
[ 23.89722032   1.45946173 186.81110098   0.        ]
[ 23.35533013   1.424436   182.32780836   0.        ]
[ 23.09911997   1.50066832 192.08554449   0.        ]
[ 23.67428222   1.5915778  203.7219589    0.        ]
[ 24.97118586   1.62321955 207.77210268   0.        ]
[ 22.09524744   1.34595255 172.28192583   0.        ]
[ 22.43125612   1.21197445 155.13272927   0.        ]
[ 23.29084908   1.30053857 166.46893679   0.        ]
[ 23.01405215   1.24368464 159.19163417   0.        ]
[ 23.82308064   1.26352536 161.73124623   0.        ]
[ 22.9824561    1.3165433  168.51754184   0.        ]
[ 23.78756774   1.29886036 166.25412589   0.        ]
[ 21.25332786   1.25744126 160.95248172   0.        ]
[ 22.66772557   1.38095722 176.76252427   0.        ]
[ 23.29515206   1.16425437 149.02455945   0.        ]
[ 21.94380275   1.10909528 141.9641962    0.        ]
[ 20.6351005    1.21361101 155.34220915   0.        ]
[ 22.34314021   1.0752151  137.62753223   0.        ]
[ 23.14999686   1.02196561 130.81159811   0.        ]
[ 22.48522154   1.0467463  133.98352602   0.        ]
[ 23.11839726   1.0985028  140.60835827   0.        ]
[ 22.45689803   1.05072404 134.49267757   0.        ]
[ 22.32461825   1.07337285 137.39172514   0.        ]
[ 22.58162635   1.07656626 137.80048176   0.        ]
[ 23.72126265   0.90199256 115.45504816   0.        ]
[ 22.76748667   0.91079998 116.58239681   0.        ]
[ 24.77766795   0.95316181 122.0047121    0.        ]
[ 23.22389421   0.93249169 119.35893652   0.        ]
[ 22.12652461   0.84681209 108.39194714   0.        ]
[ 22.67106355   0.79065785 101.2042045    0.        ]
[22.59592681  0.76935311 98.47719819  0.        ]
[ 22.78138663   0.80351844 102.85035975   0.        ]
[22.65624944  0.68386116 87.53422892  0.        ]
[23.11155111  0.63545745 81.33855406  0.        ]
[24.08300814  0.63982727 81.8978904   0.        ]
[21.9632981   0.6367469  81.50360271  0.        ]
[22.23803974  0.61769881 79.06544811  0.        ]
[21.01772114  0.6808145  87.14425656  0.        ]
[23.46991587  0.58455301 74.82278578  0.        ]
[22.81763525  0.64992557 83.19047341  0.        ]
[23.25020905  0.56808708 72.7151468   0.        ]
[22.71018336  0.59709239 76.42782563  0.        ]
[21.93293211  0.60467967 77.39899759  0.        ]
[24.58520356  0.58622017 75.03618146  0.        ]
[24.21779438  0.55965025 71.63523161  0.        ]
[25.57924388  0.5168223  66.15325405  0.        ]
[26.55330207  0.52207083 66.82506621  0.        ]
[25.53288073  0.56886734 72.81501893  0.        ]
[26.32571584  0.50890652 65.1400349   0.        ]
[25.41994616  0.510286   65.31660752  0.        ]
[25.16455778  0.51792225 66.29404747  0.        ]
[24.59584418  0.5466577  69.97218522  0.        ]
[26.47566034  0.53115514 67.98785773  0.        ]
[25.09052205  0.52197141 66.81234096  0.        ]
[25.21473559  0.49141908 62.90164178  0.        ]
[24.95541664  0.53744204 68.79258148  0.        ]
[25.77820695  0.49387983 63.21661875  0.        ]
[24.969979    0.48418212 61.97531179  0.        ]
[24.94361903  0.49548873 63.42255713  0.        ]
[23.40325331  0.52505225 67.20668796  0.        ]
[25.70152001  0.51770919 66.26677642  0.        ]
[25.64124011  0.49206087 62.98379126  0.        ]
[24.43815284  0.47676424 61.0258223   0.        ]
[26.64268808  0.45874649 58.71955012  0.        ]
[26.48665102  0.47812297 61.19973954  0.        ]
[26.9038549   0.43876824 56.16233451  0.        ]
[28.38314001  0.44049625 56.38352     0.        ]
[27.10854458  0.45019446 57.62489096  0.        ]
[27.37097509  0.45253223 57.9241249   0.        ]
[27.0045051   0.44819181 57.3685523   0.        ]
[27.59500557  0.44846937 57.40407976  0.        ]
[27.47342868  0.43356341 55.49611636  0.        ]
[27.83806595  0.44830601 57.38316916  0.        ]
[27.62555232  0.43151935 55.23447678  0.        ]
[27.45724609  0.43707126 55.94512163  0.        ]
[27.3226415   0.43621865 55.83598706  0.        ]
[26.98193834  0.43545447 55.73817228  0.        ]
[27.25477737  0.43364832 55.50698519  0.        ]
[27.4610232   0.43394518 55.54498317  0.        ]
[27.27511627  0.44026339 56.35371359  0.        ]
[26.99021978  0.45934392 58.79602205  0.        ]
[26.54344665  0.45511865 58.25518766  0.        ]
[28.0304666   0.43853616 56.13262858  0.        ]
[27.13280702  0.44066786 56.40548659  0.        ]
[27.71011167  0.43933683 56.235114    0.        ]
[26.21546443  0.44535637 57.00561499  0.        ]
[27.2761785   0.43434545 55.5962175   0.        ]
[27.27758559  0.42978628 55.012644    0.        ]
[27.93702773  0.43857952 56.13817816  0.        ]
[28.2818115   0.41820548 53.53030137  0.        ]
[28.68823126  0.41859943 53.58072698  0.        ]
[27.01415941  0.41223647 52.76626801  0.        ]
[28.60744631  0.40990984 52.46845912  0.        ]
[28.69651948  0.41134601 52.65228927  0.        ]
[26.5395614   0.41590734 53.23613956  0.        ]
[26.05135672  0.41422866 53.02126877  0.        ]
[25.15836359  0.40890071 52.33929062  0.        ]
[23.71773202  0.42619874 54.55343856  0.        ]
[25.14189832  0.40800898 52.22514895  0.        ]
[23.81388845  0.42423767 54.30242163  0.        ]
[24.57982778  0.44013951 56.33785681  0.        ]
[25.36142941  0.41229335 52.77354923  0.        ]
[25.26871663  0.41329913 52.90228827  0.        ]
[23.95270589  0.41645249 53.30591852  0.        ]
[23.48336082  0.41583953 53.22746008  0.        ]
[24.49558205  0.40347894 51.64530389  0.        ]
[24.14169082  0.41609267 53.2598618   0.        ]
[23.87424141  0.41609558 53.26023425  0.        ]
[24.80935442  0.40632419 52.0094968   0.        ]
[25.4863007   0.39533248 50.60255728  0.        ]
[25.03725711  0.39122187 50.07639959  0.        ]
[24.11498044  0.40371798 51.67590126  0.        ]
[24.28421611  0.38899437 49.79127877  0.        ]
[23.59128982  0.39503299 50.56422217  0.        ]
[25.17622135  0.39621757 50.71584959  0.        ]
[24.99314685  0.38661358 49.48653795  0.        ]
[23.9985667   0.38877339 49.76299344  0.        ]
[24.63635758  0.38813263 49.68097625  0.        ]
[23.70507082  0.3960497  50.69436155  0.        ]
[25.19094223  0.37626148 48.16146959  0.        ]
[25.72606919  0.39977406 51.17107908  0.        ]
[24.9116414  0.3843201 49.1929726  0.       ]
[25.79774823  0.38173499 48.86207852  0.        ]
[24.86518963  0.39433058 50.47431419  0.        ]
[24.7002457   0.36315181 46.48343129  0.        ]
[24.05764106  0.36954044 47.30117672  0.        ]
[25.37777799  0.35981877 46.05680239  0.        ]
[25.84599041  0.37057433 47.43351443  0.        ]
[24.55868088  0.36143645 46.26386609  0.        ]
[25.28572458  0.35397857 45.30925664  0.        ]
[25.13877602  0.3568924  45.6822269   0.        ]
[26.77168731  0.34249956 43.83994349  0.        ]
[24.63861788  0.3570177  45.69826624  0.        ]
[25.23561623  0.36354701 46.53401755  0.        ]
[24.52378574  0.35093721 44.91996234  0.        ]
[25.08707951  0.35366047 45.26854011  0.        ]
[23.41394953  0.35564243 45.52223067  0.        ]
[24.49612709  0.37525708 48.03290575  0.        ]
[24.15381608  0.36160393 46.28530364  0.        ]
[23.53552699  0.35259247 45.13183676  0.        ]
[21.96231371  0.34942958 44.72698653  0.        ]
[20.71445502  0.36370161 46.55380608  0.        ]
[21.56008744  0.3431452  43.9225852   0.        ]
[21.27802631  0.34537524 44.2080309   0.        ]
[21.32653581  0.34419813 44.05736053  0.        ]
[21.06105397  0.34508609 44.17101983  0.        ]
[19.93828449  0.34637902 44.33651481  0.        ]
[19.47438942  0.35623796 45.59845864  0.        ]
[19.80851667  0.34749677 44.47958593  0.        ]
[20.39800482  0.3453854  44.20933073  0.        ]
[20.30987356  0.35333183 45.22647448  0.        ]
[21.3205943   0.34367621 43.99055528  0.        ]
[19.64778322  0.34887142 44.65554181  0.        ]
[19.77876687  0.3433772  43.95228119  0.        ]
[20.56523636  0.35161474 45.00668673  0.        ]
[19.29009117  0.36885998 47.21407718  0.        ]
[20.10765806  0.35281413 45.16020894  0.        ]
[20.49577992  0.34274556 43.87143137  0.        ]
[19.92921226  0.34708644 44.42706466  0.        ]
[20.47079828  0.33339149 42.67411015  0.        ]
[20.1179925  0.3328348 42.6028546  0.       ]
[17.7345813   0.35920395 45.97810592  0.        ]
[20.50388802  0.33816743 43.2854306   0.        ]
[20.86878     0.32466964 41.55771446  0.        ]
[21.6950973   0.32171868 41.17999124  0.        ]
[21.16367993  0.32939719 42.16284012  0.        ]
[21.05223935  0.32800704 41.98490139  0.        ]
[20.96154966  0.32595101 41.72172992  0.        ]
[20.81786343  0.32560101 41.67692915  0.        ]
[20.02521284  0.34033141 43.56242085  0.        ]
[21.98420864  0.3236215  41.42355202  0.        ]
[22.65838889  0.31845571 40.76233058  0.        ]
[21.32493474  0.32589794 41.71493633  0.        ]
[22.28741502  0.30910993 39.56607082  0.        ]
[22.62726233  0.31882623 40.8097578   0.        ]
[21.17627212  0.32116686 41.1093576   0.        ]
[21.44082543  0.31583734 40.42717961  0.        ]
[23.16107469  0.30598483 39.16605885  0.        ]
[22.45809989  0.31526366 40.35374803  0.        ]
[23.18251175  0.29940111 38.32334154  0.        ]
[22.55553775  0.29827178 38.17878727  0.        ]
[21.73792618  0.31088155 39.79283871  0.        ]
[22.44569213  0.29598954 37.88666127  0.        ]
[22.41881203  0.28610971 36.62204317  0.        ]
[23.12625961  0.2921692  37.39765785  0.        ]
[21.92423176  0.28136591 36.01483596  0.        ]
[22.84196149  0.27787758 35.56833073  0.        ]
[23.31268889  0.28889439 36.97848148  0.        ]
[22.93912851  0.27310834 34.95786758  0.        ]
[22.14499558  0.27526041 35.23333301  0.        ]
[23.22298013  0.26956509 34.50433176  0.        ]
[22.97824438  0.27433385 35.11473291  0.        ]
[22.38042674  0.27974372 35.80719626  0.        ]
[21.89742723  0.27781368 35.56015052  0.        ]
[21.31478956  0.28459779 36.42851686  0.        ]
[21.11248823  0.27599078 35.32681946  0.        ]
[20.75169091  0.28113865 35.98574743  0.        ]
[21.43728021  0.27590651 35.31603346  0.        ]
[22.44187692  0.2703974  34.61086761  0.        ]
[20.76584101  0.28774938 36.83192124  0.        ]
[21.60202559  0.27749127 35.51888235  0.        ]
[21.80472072  0.27004798 34.56614206  0.        ]
[22.28633449  0.26415128 33.81136431  0.        ]
[23.12772773  0.26018589 33.30379438  0.        ]
[22.67334379  0.26342723 33.71868568  0.        ]
[21.19293381  0.27040234 34.61149894  0.        ]
[21.02871367  0.27492496 35.19039453  0.        ]
[21.44082647  0.27275191 34.91224409  0.        ]
[21.87622513  0.27819556 35.60903144  0.        ]
[22.52016771  0.26595757 34.04256959  0.        ]
[21.84540718  0.27179947 34.79033274  0.        ]
[21.04372751  0.27609525 35.34019196  0.        ]
[22.31299098  0.2769529  35.44997058  0.        ]
[21.95294145  0.26180889 33.51153799  0.        ]
[23.56248165  0.24836791 31.79109276  0.        ]
[22.58566459  0.27332956 34.98618413  0.        ]
[23.39390112  0.25303345 32.38828111  0.        ]
[23.41621468  0.25320263 32.40993667  0.        ]
[24.67904826  0.24552845 31.42764191  0.        ]
[24.13360728  0.24886994 31.85535293  0.        ]
[24.53437502  0.24455578 31.30314029  0.        ]
[23.68512606  0.25159444 32.20408884  0.        ]
[23.2052485   0.2562108  32.79498215  0.        ]
[23.15504355  0.25791193 33.01272675  0.        ]
[24.2722975   0.24588046 31.47269855  0.        ]
[23.54732429  0.24766701 31.7013778   0.        ]
[23.21958862  0.25050498 32.06463793  0.        ]
[22.69020889  0.24812951 31.76057696  0.        ]
[22.70124117  0.25002811 32.0035976   0.        ]
[22.35206013  0.25016182 32.02071238  0.        ]
[21.66399342  0.25640409 32.8197235   0.        ]
[21.98151632  0.25661695 32.84696923  0.        ]
[22.73691407  0.24769533 31.70500174  0.        ]
[22.11135767  0.25209944 32.26872808  0.        ]
[21.87965357  0.25165866 32.21230897  0.        ]
[22.50322253  0.25162369 32.20783258  0.        ]
[21.83726368  0.25032034 32.04100323  0.        ]
[21.83938333  0.24815965 31.76443571  0.        ]
[21.5633549   0.25320404 32.41011683  0.        ]
[22.51218259  0.24206091 30.98379585  0.        ]
[22.11621889  0.24959092 31.94763783  0.        ]
[20.93454673  0.25029504 32.03776466  0.        ]
[21.82645191  0.25125457 32.16058543  0.        ]
[22.19473116  0.26187592 33.52011736  0.        ]
[22.24244261  0.24346577 31.16361915  0.        ]
[19.77056596  0.26315137 33.68337581  0.        ]
[22.13022108  0.24400845 31.23308168  0.        ]
[21.36029741  0.24748381 31.67792725  0.        ]
[20.13542403  0.25572248 32.73247713  0.        ]
[20.21135287  0.25863385 33.10513237  0.        ]
[20.33544396  0.26692975 34.16700851  0.        ]
[20.63686593  0.2584652  33.08354609  0.        ]
[20.23713184  0.26582704 34.02586087  0.        ]
[19.50970405  0.25859045 33.09957704  0.        ]
[19.86348902  0.26529815 33.95816257  0.        ]
[19.37672789  0.2582526  33.05633241  0.        ]
[19.70987565  0.25711966 32.91131689  0.        ]
[19.47983012  0.26023703 33.31033995  0.        ]
[18.49084434  0.26747721 34.23708224  0.        ]
[19.51521662  0.27203811 34.8208777   0.        ]
[18.94000774  0.26784282 34.28388159  0.        ]
[19.65068042  0.25844585 33.08106887  0.        ]
[19.38833335  0.25735388 32.94129622  0.        ]
[19.20673536  0.26123441 33.43800473  0.        ]
[19.81724853  0.25472011 32.60417471  0.        ]
[19.92887027  0.2537673  32.48221393  0.        ]
[19.86540173  0.26389899 33.77907062  0.        ]
[18.67355903  0.26588086 34.0327498   0.        ]
[19.55141917  0.25981208 33.25594611  0.        ]
[19.8858756   0.25263684 32.33751516  0.        ]
[19.49139464  0.25609241 32.77982841  0.        ]
[20.61360039  0.24964446 31.95449118  0.        ]
[20.80015784  0.25088659 32.11348336  0.        ]