[1.14098824e+01 1.12274311e+02 2.87422236e+04 0.00000000e+00]
[1.20279184e+01 1.12650583e+02 2.88385493e+04 0.00000000e+00]
[1.46738473e+01 1.11335054e+02 2.85017738e+04 0.00000000e+00]
[1.47788923e+01 1.15317996e+02 2.95214071e+04 0.00000000e+00]
[1.69275590e+01 1.09550691e+02 2.80449769e+04 0.00000000e+00]
[1.74249246e+01 1.13403219e+02 2.90312242e+04 0.00000000e+00]
[1.51626332e+01 1.13092649e+02 2.89517181e+04 0.00000000e+00]
[1.62633290e+01 1.17369263e+02 3.00465314e+04 0.00000000e+00]
[1.78289345e+01 1.10133838e+02 2.81942626e+04 0.00000000e+00]
[1.75579141e+01 1.12758670e+02 2.88662195e+04 0.00000000e+00]
[1.74350826e+01 1.10348375e+02 2.82491841e+04 0.00000000e+00]
[1.71304724e+01 1.02086626e+02 2.61341762e+04 0.00000000e+00]
[1.79547765e+01 1.04102492e+02 2.66502381e+04 0.00000000e+00]
[1.71838960e+01 9.63136539e+01 2.46562954e+04 0.00000000e+00]
[1.59794060e+01 9.41345171e+01 2.40984364e+04 0.00000000e+00]
[1.65844579e+01 9.85643187e+01 2.52324656e+04 0.00000000e+00]
[1.64238976e+01 9.15495310e+01 2.34366799e+04 0.00000000e+00]
[1.73045325e+01 9.27307769e+01 2.37390789e+04 0.00000000e+00]
[1.93011407e+01 8.66248129e+01 2.21759521e+04 0.00000000e+00]
[1.82999664e+01 9.22001890e+01 2.36032484e+04 0.00000000e+00]
[1.83732348e+01 8.39466513e+01 2.14903427e+04 0.00000000e+00]
[1.83563226e+01 7.90415178e+01 2.02346286e+04 0.00000000e+00]
[   20.40148796    74.03187895 18952.16101078     0.        ]
[   21.9147879     68.86453222 17629.32024859     0.        ]
[   21.06964544    71.60047024 18329.72038045     0.        ]
[   22.30069252    64.22224552 16440.89485379     0.        ]
[   22.55257901    65.94355162 16881.54921399     0.        ]
[   23.02919631    64.50785543 16514.01098962     0.        ]
[   23.37827255    65.01493947 16643.82450462     0.        ]
[   22.83070758    63.01223539 16131.13226        0.        ]
[   22.25656157    62.54213426 16010.78636957     0.        ]
[   20.98716359    63.85429662 16346.69993563     0.        ]
[   21.15985692    72.35200672 18522.11371918     0.        ]
[   22.2969667     60.52375024 15494.08006262     0.        ]
[   21.04538792    65.46882005 16760.01793363     0.        ]
[   21.86253978    60.09106891 15383.31364009     0.        ]
[   20.8576698     62.04858071 15884.43666069     0.        ]
[   22.07635161    57.59996414 14745.59081936     0.        ]
[   20.55942571    61.03949752 15626.11136595     0.        ]
[   20.908892      57.44884812 14706.90511846     0.        ]
[   22.01554194    62.68219859 16046.64283952     0.        ]
[   21.78788167    53.37150959 13663.10645592     0.        ]
[   21.55297158    55.80634414 14286.4240988      0.        ]
[   20.96763409    52.35273037 13402.29897383     0.        ]
[   20.99070301    57.12665289 14624.42313889     0.        ]
[   20.0031051     51.69090296 13232.87115688     0.        ]
[   19.77434506    49.20365446 12596.13554279     0.        ]
[   19.99278071    52.09951371 13337.47551071     0.        ]
[   20.05339404    50.29946981 12876.66427017     0.        ]
[   20.999074      48.8648606  12509.40431461     0.        ]
[   20.9702051     44.67213502 11436.06656434     0.        ]
[   22.59061391    40.90008499 10470.42175871     0.        ]
[   22.76121375    41.25963128 10562.46560882     0.        ]
[   21.41422561    42.94129367 10992.97118014     0.        ]
[   23.0081111     39.98577707 10236.35892898     0.        ]
[  23.91369511   36.22997921 9274.87467893    0.        ]
[   22.67055095    39.44911231 10098.97275222     0.        ]
[  24.93514147   35.40335684 9063.25935185    0.        ]
[  24.85121221   35.15845665 9000.56490339    0.        ]
[  25.17035883   32.13027612 8225.35068761    0.        ]
[  25.89703657   30.89401142 7908.86692372    0.        ]
[  26.38530709   31.99815423 8191.52748293    0.        ]
[  24.12638318   34.16613763 8746.53123419    0.        ]
[  26.01257941   30.75900732 7874.30587455    0.        ]
[  25.23092531   29.6026742  7578.28459513    0.        ]
[  25.38096059   30.77162016 7877.5347622     0.        ]
[  26.03559484   28.27318102 7237.9343422     0.        ]
[  25.45747077   28.60149119 7321.98174555    0.        ]
[  27.07747231   26.92840972 6893.67288801    0.        ]
[  28.53945434   26.99857612 6911.63548645    0.        ]
[  27.89192689   24.7022201  6323.76834655    0.        ]
[  27.23883602   25.82380142 6610.89316229    0.        ]
[  27.13476712   26.81079595 6863.56376415    0.        ]
[  28.10437592   24.1420693  6180.36974108    0.        ]
[  28.05895762   24.14741548 6181.73836356    0.        ]
[  28.32387202   24.47873392 6266.55588469    0.        ]
[  26.61227583   23.7991921  6092.59317733    0.        ]
[  25.46193897   25.10273343 6426.29975708    0.        ]
[  26.43986776   24.41454424 6250.12332668    0.        ]
[  26.79085301   23.01405804 5891.59885719    0.        ]
[  26.96211674   24.04178022 6154.69573592    0.        ]
[  27.8527914    21.24496123 5438.71007391    0.        ]
[  28.00987611   21.31151036 5455.74665226    0.        ]
[  27.64625696   21.15481514 5415.63267663    0.        ]
[  29.66706744   21.7486436  5567.65276265    0.        ]
[  27.48184956   21.10376202 5402.56307753    0.        ]
[  27.32601794   21.19455082 5425.80500972    0.        ]
[  27.10804245   21.47173038 5496.76297827    0.        ]
[  28.43417984   21.88876507 5603.52385722    0.        ]
[  27.48420669   21.33481095 5461.71160396    0.        ]
[  28.10451341   20.38862458 5219.48789366    0.        ]
[  27.75239128   20.6872199  5295.92829388    0.        ]
[  27.98425184   20.54846354 5260.4066668     0.        ]
[  29.265725     20.63309266 5282.07172216    0.        ]
[  28.11849406   20.65426796 5287.49259764    0.        ]
[  27.61272893   20.77376763 5318.08451208    0.        ]
[  28.04186527   20.75468877 5313.20032468    0.        ]
[  28.37403735   20.52162026 5253.53478642    0.        ]
[  27.90921655   21.01326545 5379.395955      0.        ]
[  28.83651462   20.40055847 5222.54296763    0.        ]
[  27.53609017   20.58326116 5269.31485704    0.        ]
[  28.15544261   20.53582463 5257.17110574    0.        ]
[  27.8166331    20.91739499 5354.85311753    0.        ]
[  29.31965795   20.10916655 5147.94663759    0.        ]
[  29.7715821    20.1184671  5150.32757671    0.        ]
[  28.9422271    20.26353686 5187.46543503    0.        ]
[  29.14264892   20.16148598 5161.34040966    0.        ]
[  28.4444228    20.30896981 5199.09627141    0.        ]
[  29.70533778   20.00750731 5121.92187139    0.        ]
[  30.2308603    20.0401945  5130.28979215    0.        ]
[  29.38688123   19.87795673 5088.75692365    0.        ]
[  29.52029139   19.87607344 5088.2748009     0.        ]
[  29.11077692   20.01783246 5124.56511057    0.        ]
[  29.83011135   19.69895425 5042.93228879    0.        ]
[  30.35577029   19.65188008 5030.88130053    0.        ]
[  30.8232639    20.00456681 5121.16910249    0.        ]
[  30.39682264   19.65333007 5031.25249895    0.        ]
[  30.12125323   19.78893763 5065.96803389    0.        ]
[  29.67750842   19.45035175 4979.29004834    0.        ]
[  30.49236783   19.73475694 5052.09777693    0.        ]
[  29.82642444   19.60471091 5018.80599251    0.        ]
[  29.6673868    20.21028623 5173.83327439    0.        ]
[  29.51174932   19.4934799  4990.3308555     0.        ]
[  29.25435801   19.42812163 4973.59913824    0.        ]
[  29.30766776   19.76816047 5060.64907923    0.        ]
[  28.60357654   19.41994612 4971.50620793    0.        ]
[  28.04900145   19.72735617 5050.20317956    0.        ]
[  27.50313841   19.85865215 5083.81495129    0.        ]
[  28.86694635   19.47584644 4985.81668906    0.        ]
[  28.86972596   19.47759103 4986.26330274    0.        ]
[  28.70828942   19.55409023 5005.84709792    0.        ]
[  28.14962028   19.39907001 4966.1619215     0.        ]
[  28.61352608   19.50399549 4993.02284444    0.        ]
[  28.16081413   19.18865364 4912.29533135    0.        ]
[  28.43923116   19.21179134 4918.21858197    0.        ]
[  28.76816259   19.12061288 4894.87689644    0.        ]
[  28.217914     19.19873529 4914.87623536    0.        ]
[  28.74363915   19.14392251 4900.84416239    0.        ]
[  28.44723034   19.31471806 4944.56782326    0.        ]
[  28.58766825   18.92930952 4845.90323671    0.        ]
[  28.36031896   18.89948034 4838.26696732    0.        ]
[  27.98478739   18.73900139 4797.18435631    0.        ]
[  27.60984324   18.67673769 4781.24484745    0.        ]
[  28.17854237   18.66606429 4778.51245842    0.        ]
[  27.91848622   18.83162976 4820.89721762    0.        ]
[  27.68328321   18.88981994 4835.79390518    0.        ]
[  28.47608219   18.49493042 4734.70218836    0.        ]
[  28.06536299   18.53399007 4744.70145836    0.        ]
[  28.34419204   18.53907477 4746.00313998    0.        ]
[  28.58526139   18.42355053 4716.42893531    0.        ]
[  28.37136231   18.58615549 4758.05580669    0.        ]
[  28.32122225   18.64874422 4774.07852094    0.        ]
[  28.62470648   18.37939646 4705.12549269    0.        ]
[  29.02953785   18.57510791 4755.22762577    0.        ]
[  28.91477706   18.34866024 4697.25702191    0.        ]
[  28.4791583    18.33562667 4693.92042631    0.        ]
[  27.91863099   18.22567586 4665.77301981    0.        ]
[  27.33307137   18.29277637 4682.95075044    0.        ]
[  28.18955118   18.29819158 4684.33704537    0.        ]
[  27.94658775   18.34923611 4697.4044439     0.        ]
[  27.50077292   18.2624332  4675.1828983     0.        ]
[  27.0845777    18.72933409 4794.7095275     0.        ]
[  27.80991486   18.39701751 4709.63648249    0.        ]
[  28.02266813   18.25033639 4672.08611649    0.        ]
[  27.23971188   18.40762296 4712.35147826    0.        ]
[  27.88643354   18.10944052 4636.01677326    0.        ]
[  28.17801707   17.98263561 4603.55471564    0.        ]
[  28.21154209   18.00244178 4608.62509526    0.        ]
[  28.125618     18.09024859 4631.10363817    0.        ]
[  28.37590187   17.91189581 4585.44532841    0.        ]
[  27.71791027   17.97591778 4601.83495191    0.        ]
[  27.67102032   17.84648523 4568.70021966    0.        ]
[  27.22127356   18.14906965 4646.16183102    0.        ]
[  27.65784999   17.77919025 4551.47270335    0.        ]
[  27.49709674   17.76866399 4548.77798179    0.        ]
[  27.47097663   17.7728048  4549.83802959    0.        ]
[  27.48424943   17.90920763 4584.75715367    0.        ]
[  27.82042739   17.90951854 4584.836746      0.        ]
[  27.5566911    17.73755972 4540.81528707    0.        ]
[  27.49977056   17.70915358 4533.54331584    0.        ]
[  27.72298126   17.65435956 4519.51604853    0.        ]
[  27.5617496    17.73406218 4539.91991872    0.        ]
[  27.58110771   17.56668084 4497.07029517    0.        ]
[  27.50158234   17.51348723 4483.45272965    0.        ]
[  27.4485316    17.48032144 4474.96228782    0.        ]
[  27.45577654   17.567835   4497.36576082    0.        ]
[  27.15376457   17.67736904 4525.40647473    0.        ]
[  27.2388332    17.56322526 4496.1856677     0.        ]
[  27.06033695   17.42016753 4459.5628879     0.        ]
[  27.11275446   17.38906285 4451.60009033    0.        ]
[  27.23983284   17.28493592 4424.94359477    0.        ]
[  27.18866171   17.27358572 4422.03794427    0.        ]
[  27.07827025   17.33833692 4438.61425169    0.        ]
[  27.28546073   17.20136282 4403.54888171    0.        ]
[  27.50455167   17.24282332 4414.16276995    0.        ]
[  27.53609304   17.09353828 4375.94580047    0.        ]
[  27.56541905   17.11232063 4380.75408122    0.        ]
[  27.34414729   17.09449825 4376.19155256    0.        ]
[  27.67708089   17.13753453 4387.20884023    0.        ]
[  27.33245524   17.15434757 4391.51297847    0.        ]
[  27.64042052   17.13847031 4387.44839939    0.        ]
[  27.41600031   17.138826   4387.53945651    0.        ]
[  27.37606593   17.21177748 4406.21503507    0.        ]
[  27.28085159   17.11621359 4381.75067859    0.        ]
[  27.9158838    17.11959309 4382.61582996    0.        ]
[  27.13702767   17.07818992 4372.01662018    0.        ]
[  27.05293713   17.0476161  4364.18972284    0.        ]
[  26.93141495   17.24373308 4414.39566951    0.        ]
[  27.20679056   16.93793773 4336.11205972    0.        ]
[  27.41390578   16.9097213  4328.88865312    0.        ]
[  27.41854822   16.89225136 4324.4163494     0.        ]
[  27.57195154   16.91092599 4329.19705466    0.        ]
[  27.28715595   16.87310246 4319.51423055    0.        ]
[  27.45636444   16.87589586 4320.22933975    0.        ]
[  26.85305281   16.85601812 4315.14063792    0.        ]
[  26.97018719   16.80484364 4302.03997231    0.        ]
[  26.94475931   16.76099622 4290.81503228    0.        ]
[  26.87606879   16.79885812 4300.50767808    0.        ]
[  26.98406446   16.77354742 4294.02813886    0.        ]
[  27.36675563   16.75413928 4289.05965556    0.        ]
[  27.45960563   16.81866722 4305.57880958    0.        ]
[  27.26746961   16.76523008 4291.8989006     0.        ]
[  27.33319813   16.78246553 4296.31117662    0.        ]
[  27.13157579   16.80133329 4301.14132265    0.        ]
[  27.55245758   16.74640097 4287.07864878    0.        ]
[  27.54655742   16.65052441 4262.53424982    0.        ]
[  27.67700907   16.71465292 4278.95114846    0.        ]
[  27.66954604   16.74417994 4286.51006557    0.        ]
[  27.54641194   16.63244484 4257.90588016    0.        ]
[  27.44773831   16.70447623 4276.34591453    0.        ]
[  27.78733234   16.6147472  4253.37528435    0.        ]
[  27.55933959   16.61123045 4252.47499493    0.        ]
[  27.58298217   16.60775445 4251.58513997    0.        ]
[  27.79458125   16.52175264 4229.56867498    0.        ]
[  27.85808719   16.52515023 4230.43845819    0.        ]
[  27.61637789   16.54513927 4235.55565228    0.        ]
[  27.63960309   16.46462765 4214.94467875    0.        ]
[  27.79809135   16.50129453 4224.33139998    0.        ]
[  27.67099189   16.37686817 4192.4782506     0.        ]
[  27.79473103   16.30907394 4175.12292912    0.        ]
[  27.79350957   16.35151543 4185.9879507     0.        ]
[  27.71804742   16.33030499 4180.55807668    0.        ]
[  27.81485007   16.32114383 4178.21282089    0.        ]
[  27.83568334   16.35303122 4186.37599115    0.        ]
[  27.62801093   16.38666586 4194.98646086    0.        ]
[  27.82664026   16.30006361 4172.81628396    0.        ]
[  27.7342981    16.31625821 4176.96210098    0.        ]
[  27.99560226   16.31488303 4176.61005497    0.        ]
[  27.87717232   16.30140445 4173.15953888    0.        ]
[  27.88661136   16.29130412 4170.57385564    0.        ]
[  27.47914785   16.40382412 4199.37897587    0.        ]
[  28.0266991    16.32561594 4179.35768115    0.        ]
[  27.69647769   16.35075085 4185.79221702    0.        ]
[  28.09150005   16.24973943 4159.93329401    0.        ]
[  28.12182339   16.2169097  4151.52888325    0.        ]
[  28.15508611   16.23875    4157.12000099    0.        ]
[  28.04937045   16.21990992 4152.29693934    0.        ]
[  28.20195933   16.25146016 4160.3738001     0.        ]
[  28.12327998   16.22779641 4154.31588145    0.        ]
[  28.20275536   16.22730696 4154.19058294    0.        ]
[  27.9896143    16.23373885 4155.83714576    0.        ]
[  27.99022878   16.18913493 4144.41854229    0.        ]
[  28.0950942    16.16348562 4137.85231992    0.        ]
[  28.06611513   16.20865945 4149.41682019    0.        ]
[  28.0378215    16.13496816 4130.55184981    0.        ]
[  27.76041557   16.16351493 4137.85982216    0.        ]
[  28.01650032   16.10994623 4124.14623521    0.        ]
[  28.11199332   16.10444983 4122.73915749    0.        ]
[  27.94489805   16.06355991 4112.27133599    0.        ]
[  27.90334884   16.06884515 4113.62435927    0.        ]
[  27.98061852   16.08505602 4117.77434125    0.        ]
[  27.95829625   16.14532788 4133.20393794    0.        ]
[  27.93888064   16.07160007 4114.32961688    0.        ]
[  28.09963105   16.05349354 4109.69434615    0.        ]
[  28.16371326   16.09318105 4119.85435001    0.        ]
[  28.03296123   16.02918692 4103.47185156    0.        ]
[  27.90466977   16.04318954 4107.0565225     0.        ]
[  28.21280494   16.06643363 4113.00701054    0.        ]
[  28.11426559   16.03827131 4105.79745489    0.        ]
[  28.06303848   16.03959683 4106.13678825    0.        ]
[  28.09988331   16.01175889 4099.0102763     0.        ]
[  28.13100775   16.0448467  4107.48075629    0.        ]
[  28.14467702   16.02972959 4103.61077618    0.        ]
[  28.1623553    15.92512048 4076.8308438     0.        ]
[  28.15559932   15.93980281 4080.58952052    0.        ]
[  28.36237148   15.94882041 4082.89802408    0.        ]
[  28.10297129   15.92167613 4075.94908804    0.        ]
[  27.99313542   15.91064977 4073.12634162    0.        ]
[  28.07515729   15.94858867 4082.83870065    0.        ]
[  27.97311199   15.91192678 4073.45325524    0.        ]
[  28.02864411   15.93019167 4078.12906772    0.        ]
[  28.02452458   15.93382436 4079.05903606    0.        ]
[  28.10036024   15.88037727 4065.376581      0.        ]
[  28.28273049   15.89177105 4068.29338766    0.        ]
[  28.05985584   15.90763139 4072.35363625    0.        ]
[  28.11770383   15.86405699 4061.19858842    0.        ]
[  28.05265606   15.88364341 4066.21271295    0.        ]
[  28.00153594   15.86771544 4062.13515327    0.        ]
[  28.01624321   15.87144484 4063.08988018    0.        ]
[  28.08350305   15.8937397  4068.79736355    0.        ]
[  27.93145956   15.89087467 4068.06391658    0.        ]