[  11.40988235    4.55196533 1165.30312525    0.        ]
[  12.35913041    4.78832636 1225.81154701    0.        ]
[  12.4186016     4.41712173 1130.78316166    0.        ]
[  13.52182795    6.63309091 1698.07127246    0.        ]
[  12.45185227    4.97335007 1273.17761764    0.        ]
[  10.28861345    5.3680695  1374.22579298    0.        ]
[  13.1769229     4.62252526 1183.36646782    0.        ]
[  11.79294542    5.05505715 1294.09463124    0.        ]
[  13.08971685    6.12812771 1568.80069479    0.        ]
[  12.63301373    7.13095563 1825.52464126    0.        ]
[  13.82905773    5.70960744 1461.65950537    0.        ]
[  12.95473531    5.41511204 1386.26868262    0.        ]
[  13.36974654    4.69643101 1202.28633862    0.        ]
[  12.39737443    4.75034074 1216.08722829    0.        ]
[  12.51625693    5.98284716 1531.60887356    0.        ]
[  10.7543691     5.23904001 1341.19424219    0.        ]
[  14.02160803    5.4912898  1405.77018896    0.        ]
[  13.01485019    5.8218088  1490.38305329    0.        ]
[  12.98152514    4.95180988 1267.66332941    0.        ]
[  12.61721809    4.25818354 1090.09498632    0.        ]
[  12.07912165    4.65517885 1191.72578441    0.        ]
[  12.28806848    5.16853495 1323.14494686    0.        ]
[  14.80505902    4.6903972  1200.74168412    0.        ]
[  11.96800274    5.07018397 1297.96709716    0.        ]
[  12.27213932    5.22694314 1338.09744338    0.        ]
[  11.55861125    4.97653258 1273.99234039    0.        ]
[  13.49328464    4.53867857 1161.90171272    0.        ]
[  14.46408863    5.48459188 1404.05552146    0.        ]
[  13.83587316    4.45668374 1140.91103837    0.        ]
[  12.34139563    5.44902019 1394.94916867    0.        ]
[  12.04614669    6.36333629 1629.01409051    0.        ]
[  12.15104213    6.56826063 1681.47472237    0.        ]
[  11.99218843    6.75647557 1729.65774689    0.        ]
[  12.92413288    6.73768322 1724.84690455    0.        ]
[  13.65972452    5.71240165 1462.37482124    0.        ]
[  12.61197017    4.40594053 1127.92077637    0.        ]
[  12.22362461    4.8427954  1239.75562125    0.        ]
[  13.33710432    5.63542176 1442.66797051    0.        ]
[  11.41869217    4.91683599 1258.7100147     0.        ]
[  12.98472909    4.40176095 1126.85080262    0.        ]
[  13.69509122    5.87018983 1502.76859676    0.        ]
[  13.11133741    5.65790619 1448.42398406    0.        ]
[  12.43990264    4.96226967 1270.34103455    0.        ]
[  12.43500995    5.20875802 1333.44205237    0.        ]
[  12.82154742    4.33929604 1110.85978518    0.        ]
[  13.15462943    7.3455897  1880.47096236    0.        ]
[  12.48834782    4.87632279 1248.33863523    0.        ]
[  11.08704933    4.8581462  1243.68542646    0.        ]
[  11.67779036    4.45444072 1140.33682468    0.        ]
[  12.41941496    4.34231283 1111.63208489    0.        ]
[  12.34456673    4.50248646 1152.63653386    0.        ]
[  10.75996707    4.37319802 1119.53869354    0.        ]
[  11.63254296    5.7967866  1483.97736938    0.        ]
[  13.0248084     4.49843058 1151.59822744    0.        ]
[  13.39430303    8.18575733 2095.55387588    0.        ]
[  12.38815382    4.49544037 1150.83273528    0.        ]
[  12.19073203    4.91132742 1257.29981879    0.        ]
[  12.73682035    4.18846567 1072.24721088    0.        ]
[  12.88868517    7.29818174 1868.33452607    0.        ]
[  12.37920287    4.56146879 1167.73601128    0.        ]
[  13.22261724    5.31138711 1359.71510005    0.        ]
[  13.60808941    6.91524304 1770.30221821    0.        ]
[  12.89675208    4.19698918 1074.42923059    0.        ]
[  12.84605108    4.58165715 1172.90423138    0.        ]
[  12.18311434    4.3358876  1109.98722664    0.        ]
[  13.27882068    4.64745382 1189.74817882    0.        ]
[  12.68455894    5.16469784 1322.16264822    0.        ]
[  11.63957837    5.44785465 1394.65078953    0.        ]
[  13.73036432    4.33802162 1110.53353449    0.        ]
[  12.95899197    4.2056566  1076.64808874    0.        ]
[  13.82658042    4.36417034 1117.22760691    0.        ]
[  12.32515091    4.34675381 1112.76897607    0.        ]
[  12.93540917    4.55878242 1167.04829982    0.        ]
[  13.51350771    4.49687802 1151.20077276    0.        ]
[  12.27385274    5.03145562 1288.05263754    0.        ]
[  12.8935649     5.15758763 1320.34243306    0.        ]
[  12.82364222    4.49939769 1151.84580974    0.        ]
[  13.45153719    4.24977644 1087.94276776    0.        ]
[  12.45508261    4.46056472 1141.90456844    0.        ]
[  12.773139      5.92834533 1517.65640511    0.        ]
[  14.12088263    4.20172815 1075.64240754    0.        ]
[  13.31217015    4.25220484 1088.56443801    0.        ]
[  12.70285371    4.97461324 1273.50098946    0.        ]
[  13.55138009    4.39606677 1125.39309368    0.        ]
[  12.69364091    5.52372914 1414.07465994    0.        ]
[  12.87965039    4.26563836 1092.00341945    0.        ]
[  11.87687236    4.3434696  1111.92821636    0.        ]
[  12.76542733    5.09663634 1304.73890213    0.        ]
[  12.57829005    4.54265526 1162.91974581    0.        ]
[  12.08095315    4.27383362 1094.1014066     0.        ]
[  12.2383342     5.03018674 1287.72780556    0.        ]
[  11.43991555    5.526738   1414.84492714    0.        ]
[  12.99842082    4.17710271 1069.33829441    0.        ]
[  13.24506936    4.31201565 1103.87600717    0.        ]
[  12.99942017    4.57993953 1172.46451916    0.        ]
[  12.9444491     4.3550354  1114.88906117    0.        ]
[  12.12838655    4.20677645 1076.93477121    0.        ]
[  13.29214035    4.49599023 1150.97349959    0.        ]
[  13.20342612    4.22986451 1082.84531511    0.        ]
[  13.70023836    4.72475847 1209.5381684     0.        ]
[  12.94693584    4.26137724 1090.91257384    0.        ]
[  13.19275026    4.53870422 1161.90828017    0.        ]
[  12.65299779    4.50778341 1153.99255191    0.        ]
[  13.33066505    4.77984543 1223.64043134    0.        ]
[  13.13988227    4.26484034 1091.79912705    0.        ]
[  13.1184643     4.69936441 1203.03728967    0.        ]
[  13.32591665    4.54412894 1163.29700745    0.        ]
[  13.62911964    4.19137266 1072.99140151    0.        ]
[  13.47944823    4.25807099 1090.06617354    0.        ]
[  13.04389343    4.22381524 1081.29670142    0.        ]
[  13.29903696    4.35241654 1114.21863325    0.        ]
[  12.585825      4.65904368 1192.71518168    0.        ]
[  12.9430063     4.67181709 1195.98517378    0.        ]
[  13.51009881    4.18978725 1072.58553612    0.        ]
[  12.24718753    4.3298474  1108.44093316    0.        ]
[  12.72105176    4.25533162 1089.36489369    0.        ]
[  12.98512413    4.30393635 1101.80770663    0.        ]
[  12.68162912    4.68780737 1200.078687      0.        ]
[  13.0139158     4.38233273 1121.87717825    0.        ]
[  13.29012912    4.20646589 1076.85526891    0.        ]
[  12.85263097    4.20914062 1077.53999943    0.        ]
[  12.61217089    4.23216673 1083.43468289    0.        ]
[  13.03603979    4.52452693 1158.27889325    0.        ]
[  13.27691704    4.23474376 1084.09440184    0.        ]
[  13.57773072    4.32909098 1108.24729073    0.        ]
[  13.07841874    4.27849387 1095.29443093    0.        ]
[  12.4113731     4.23834673 1085.01676188    0.        ]
[  13.2544877     4.51906499 1156.88063657    0.        ]
[  13.25737065    4.30720842 1102.6453551     0.        ]
[  13.26072225    4.48365717 1147.81623445    0.        ]
[  12.44867834    4.31124353 1103.67834284    0.        ]
[  12.63565407    4.47175317 1144.76881269    0.        ]
[  12.71929572    4.33924197 1110.84594346    0.        ]
[  12.69839555    4.20779595 1077.19576196    0.        ]
[  13.5279357     4.43992283 1136.62024388    0.        ]
[  13.16354715    4.39787023 1125.85477805    0.        ]
[  12.96464307    4.17066448 1067.6901073     0.        ]
[  12.66993016    4.56172292 1167.80106874    0.        ]
[  13.00937939    4.24156521 1085.84069394    0.        ]
[  12.76824014    4.18019652 1070.13030836    0.        ]
[  12.3516469     4.36568829 1117.61620274    0.        ]
[  12.765999      4.32628639 1107.52931621    0.        ]
[  13.02550979    4.47387226 1145.31129887    0.        ]
[  13.35796055    4.20274208 1075.90197269    0.        ]
[  12.35648128    4.1469187  1061.61118673    0.        ]
[  12.31199694    4.60992608 1180.14107547    0.        ]
[  12.43522752    4.21692647 1079.53317744    0.        ]
[  12.30797622    4.20632434 1076.81903196    0.        ]
[  12.20763914    4.44214067 1137.188011      0.        ]
[  11.76395295    4.43845901 1136.24550664    0.        ]
[  12.2263093     4.39183332 1124.30932921    0.        ]
[  12.38850392    4.43229019 1134.66628833    0.        ]
[  12.30055196    4.19142746 1073.00543077    0.        ]
[  12.11046831    4.1925429  1073.29098302    0.        ]
[  12.24417074    4.23985067 1085.40177086    0.        ]
[  12.17942811    4.33902141 1110.78948099    0.        ]
[  12.83881765    4.18998959 1072.63733603    0.        ]
[  12.08030178    4.79679088 1227.97846632    0.        ]
[  12.60473142    4.13566944 1058.73137648    0.        ]
[  12.9362271     4.08220326 1045.04403567    0.        ]
[  13.44080082    4.05715833 1038.63253318    0.        ]
[  13.4352455     4.07483808 1043.15854724    0.        ]
[  13.46338269    4.23400146 1083.90437446    0.        ]
[  13.41381058    4.13336251 1058.14080136    0.        ]
[  13.87141698    4.13293485 1058.03132134    0.        ]
[  13.60066334    4.06150518 1039.74532575    0.        ]
[  13.2746633     4.65682893 1192.14820672    0.        ]
[  13.4450134     4.04908961 1036.5669389     0.        ]
[  13.52918151    4.2412138  1085.75073158    0.        ]
[  13.59736506    4.07045403 1042.0362316     0.        ]
[  13.09410488    4.08870404 1046.70823529    0.        ]
[  13.71107081    4.08542565 1045.86896694    0.        ]
[  13.58723195    4.13029351 1057.35513909    0.        ]
[  13.59740523    4.05480335 1038.02965808    0.        ]
[  13.5343128     4.07386125 1042.90848123    0.        ]
[  13.64988162    4.06465811 1040.55247514    0.        ]
[  13.675029      4.08300585 1045.24949878    0.        ]
[  13.66488948    4.05475506 1038.01729419    0.        ]
[  13.71690592    4.08786813 1046.49424128    0.        ]
[  13.39290753    4.26942406 1092.9725605     0.        ]
[  13.5063611     4.21571567 1079.22321049    0.        ]
[  13.68529293    4.241572   1085.84243125    0.        ]
[  13.67188558    4.08649818 1046.14353325    0.        ]
[  13.55730379    4.08421687 1045.5595196     0.        ]
[  13.40064608    4.05093989 1037.04061092    0.        ]
[  13.278664      4.04439722 1035.36568822    0.        ]
[  13.47213315    4.0567035  1038.51609625    0.        ]
[  12.9886038     4.04850444 1036.4171363     0.        ]
[  13.03879731    4.46034308 1141.84782795    0.        ]
[  13.04458304    4.10155403 1049.99783045    0.        ]
[  13.15136468    4.30813532 1102.88264101    0.        ]
[  13.16372189    4.12035792 1054.81162732    0.        ]
[  13.20942516    4.13699656 1059.0711189     0.        ]
[  13.55614032    4.10967108 1052.07579692    0.        ]
[  13.42725117    4.09778949 1049.0341084     0.        ]
[  13.64685618    4.09741566 1048.93840912    0.        ]
[  13.31310034    4.04852102 1036.42138131    0.        ]
[  13.21979102    4.07833889 1044.05475595    0.        ]
[  13.21324396    4.05855498 1038.99007593    0.        ]
[  13.16827429    4.14589899 1061.35014192    0.        ]
[  13.32032048    4.08710163 1046.29801724    0.        ]
[  13.26861382    4.06047555 1039.4817403     0.        ]
[  13.27502955    4.05313141 1037.60164206    0.        ]
[  13.29850945    4.05082132 1037.01025814    0.        ]
[  13.54195112    4.06367661 1040.3012129     0.        ]
[  13.48804795    4.09786275 1049.05286384    0.        ]
[  13.12359884    4.09901027 1049.34663008    0.        ]
[  13.22145306    4.19792809 1074.66959085    0.        ]
[  13.14189041    4.0505898  1036.95098933    0.        ]
[  13.25052032    4.12606812 1056.27343862    0.        ]
[  13.19325807    4.09898249 1049.33951784    0.        ]
[  13.34881861    4.10859085 1051.79925791    0.        ]
[  13.13048383    4.07653206 1043.59220685    0.        ]
[  13.29920629    4.04560085 1035.6738168     0.        ]
[  13.25869751    4.06911103 1041.6924248     0.        ]
[  13.36597378    4.29802512 1100.29443162    0.        ]
[  12.96520753    4.08953583 1046.92117303    0.        ]
[  13.05890106    4.13134395 1057.62405097    0.        ]
[  13.3484863     4.11662642 1053.85636371    0.        ]
[  13.36031448    4.09648039 1048.6989809     0.        ]
[  13.20919376    4.15777778 1064.39111197    0.        ]
[  13.19504513    4.09930419 1049.4218716     0.        ]
[  13.1492182     4.13887491 1059.5519774     0.        ]
[  13.19221339    4.07771306 1043.89454376    0.        ]
[  13.13564605    4.12971052 1057.20589203    0.        ]
[  13.4051564     4.04781448 1036.24050736    0.        ]
[  13.41862582    4.16273786 1065.66089298    0.        ]
[  13.17591779    4.04375107 1035.20027269    0.        ]
[  13.29049258    4.09490303 1048.295176      0.        ]
[  13.47421538    4.09773219 1049.01944068    0.        ]
[  13.30939753    4.20402496 1076.23038857    0.        ]
[  13.33323331    4.05433654 1037.91015382    0.        ]
[  13.3178587     4.04248538 1034.87625616    0.        ]
[  13.32987566    4.03891955 1033.96340579    0.        ]
[  13.45304481    4.07855339 1044.10966876    0.        ]
[  13.19974609    4.03547497 1033.08159353    0.        ]
[  13.28272714    4.03837033 1033.82280507    0.        ]
[  13.33918187    4.05517544 1038.12491244    0.        ]
[  13.18366876    4.0338385  1032.66265606    0.        ]
[  13.11050043    4.04121787 1034.55177406    0.        ]
[  13.14341657    4.04969053 1036.72077603    0.        ]
[  12.93886553    4.12298732 1055.48475412    0.        ]
[  13.26758203    4.08568044 1045.93419276    0.        ]
[  13.12446211    4.0432625  1035.07520075    0.        ]
[  13.06224339    4.05587413 1038.30377621    0.        ]
[  13.28696308    4.03076894 1031.87684834    0.        ]
[  13.26842359    4.03428317 1032.77649101    0.        ]
[  13.20397911    4.05316516 1037.61028165    0.        ]
[  13.47794106    4.02943852 1031.53626009    0.        ]
[  13.39993672    4.03698571 1033.46834218    0.        ]
[  13.38994265    4.07344477 1042.80186027    0.        ]
[  13.46103063    4.02675177 1030.84845376    0.        ]
[  13.42324725    4.03006363 1031.69628899    0.        ]
[  13.43833427    4.04389355 1035.23674883    0.        ]
[  13.33447052    4.06946943 1041.78417535    0.        ]
[  13.33412959    4.02442265 1030.2521977     0.        ]
[  13.32777186    4.02790755 1031.14433174    0.        ]
[  13.3524682     4.03709595 1033.49656433    0.        ]
[  13.36168944    4.0443209  1035.34615165    0.        ]
[  13.40507102    4.12424718 1055.80727875    0.        ]
[  13.41011819    4.07103082 1042.18388901    0.        ]
[  13.34105448    4.08427539 1045.57450092    0.        ]
[  13.29383475    4.03130872 1032.01503145    0.        ]
[  13.37212804    4.03086233 1031.90075581    0.        ]
[  13.37886418    4.02266068 1029.80113487    0.        ]
[  13.57415239    4.04739929 1036.13421828    0.        ]
[  13.39882456    4.03761296 1033.62891846    0.        ]
[  13.38842528    4.02623498 1030.71615418    0.        ]
[  13.51878471    4.11673325 1053.88371115    0.        ]
[  13.51564521    4.08405054 1045.51693755    0.        ]
[  13.47896463    4.01821717 1028.6635945     0.        ]
[  13.58428175    4.02729154 1030.98663466    0.        ]
[  13.49212614    4.02783853 1031.12666384    0.        ]
[  13.49459964    4.01113029 1026.84935528    0.        ]
[  13.53289981    4.01489944 1027.81425781    0.        ]
[  13.46930927    4.01103451 1026.82483457    0.        ]
[  13.41550782    4.03179305 1032.13902041    0.        ]
[  13.39463222    4.01215084 1027.11061612    0.        ]
[  13.363944      4.01905626 1028.87840132    0.        ]
[  13.44017161    4.01493145 1027.82245214    0.        ]
[  13.4654039     4.03127598 1032.00665204    0.        ]
[  13.44799242    4.00994172 1026.54507988    0.        ]
[  13.39525125    4.01561587 1027.99766188    0.        ]
[  13.44741047    4.00885747 1026.26751245    0.        ]
[  13.34238992    4.04853166 1036.42410597    0.        ]
[  13.62064256    4.0034296  1024.87797807    0.        ]
[  13.57650115    4.00127213 1024.32566496    0.        ]
[  13.40335102    4.02333752 1029.97440596    0.        ]
[  13.5516787     4.0054516  1025.39560969    0.        ]
[  13.50675227    4.01719084 1028.40085624    0.        ]
[  13.51844231    4.00514117 1025.3161401     0.        ]
[  13.68283672    3.99837652 1023.58438933    0.        ]
[  13.58924056    4.00361673 1024.92588392    0.        ]
[  13.60109404    4.00421155 1025.07815617    0.        ]
[  13.65970537    3.99776726 1023.428419      0.        ]
[  13.7065815     4.00681216 1025.74391327    0.        ]
[  13.68957087    4.01021063 1026.61392181    0.        ]
[  13.63241797    4.00593385 1025.51906589    0.        ]
[  13.67138677    4.02328641 1029.96132185    0.        ]
[  13.68830941    3.99869153 1023.66503287    0.        ]
[  13.71615137    4.01425058 1027.64814765    0.        ]