[1.14098824e+01 2.79448188e-02 1.49119112e+04 0.00000000e+00]
[1.03133830e+01 2.49510728e-02 1.41493038e+04 0.00000000e+00]
[1.03601410e+01 2.45425980e-02 1.39480981e+04 0.00000000e+00]
[1.11976032e+01 2.66726698e-02 1.43646554e+04 0.00000000e+00]
[1.67033010e+01 2.86173905e-02 1.43966438e+04 0.00000000e+00]
[1.49055363e+01 2.65959172e-02 1.39702099e+04 0.00000000e+00]
[1.28966353e+01 2.57141611e-02 1.44547238e+04 0.00000000e+00]
[1.23777688e+01 2.72155716e-02 1.49894353e+04 0.00000000e+00]
[1.38535448e+01 2.60400279e-02 1.49600337e+04 0.00000000e+00]
[1.37921386e+01 2.98968910e-02 1.58799484e+04 0.00000000e+00]
[1.39752789e+01 3.23440140e-02 1.65491216e+04 0.00000000e+00]
[1.35038275e+01 3.02145424e-02 1.59839469e+04 0.00000000e+00]
[1.26354499e+01 3.12100250e-02 1.61486135e+04 0.00000000e+00]
[1.31227820e+01 2.53074860e-02 1.46723132e+04 0.00000000e+00]
[1.35559077e+01 2.70811148e-02 1.50954884e+04 0.00000000e+00]
[1.49066678e+01 2.70792581e-02 1.51931486e+04 0.00000000e+00]
[1.72740529e+01 2.91434432e-02 1.58350036e+04 0.00000000e+00]
[1.70060769e+01 2.92931328e-02 1.56983263e+04 0.00000000e+00]
[1.57781159e+01 2.71975846e-02 1.50775539e+04 0.00000000e+00]
[1.46074116e+01 2.62415605e-02 1.49201877e+04 0.00000000e+00]
[1.39760314e+01 2.22503122e-02 1.39596508e+04 0.00000000e+00]
[1.42671341e+01 2.43256759e-02 1.47957461e+04 0.00000000e+00]
[1.39313563e+01 2.19804476e-02 1.41447756e+04 0.00000000e+00]
[1.39675861e+01 1.92590445e-02 1.33532064e+04 0.00000000e+00]
[1.46489911e+01 2.37250372e-02 1.45635581e+04 0.00000000e+00]
[1.49063640e+01 2.22438533e-02 1.40910124e+04 0.00000000e+00]
[1.38615703e+01 1.65713636e-02 1.29558265e+04 0.00000000e+00]
[1.22414367e+01 1.72138967e-02 1.31314600e+04 0.00000000e+00]
[1.05906762e+01 1.59094831e-02 1.28742386e+04 0.00000000e+00]
[1.17457322e+01 1.26712377e-02 1.25411862e+04 0.00000000e+00]
[1.33563685e+01 1.14067450e-02 1.18036964e+04 0.00000000e+00]
[1.20104254e+01 1.29286848e-02 1.17580468e+04 0.00000000e+00]
[1.21926569e+01 1.20487457e-02 1.17569403e+04 0.00000000e+00]
[1.12659112e+01 1.17306942e-02 1.14858919e+04 0.00000000e+00]
[1.14023484e+01 1.12492426e-02 1.12173996e+04 0.00000000e+00]
[1.18102590e+01 9.39779917e-03 1.13148713e+04 0.00000000e+00]
[1.05481395e+01 1.05093763e-02 1.10074984e+04 0.00000000e+00]
[1.10118079e+01 9.51384988e-03 1.00456364e+04 0.00000000e+00]
[1.22727469e+01 7.72089908e-03 9.86259195e+03 0.00000000e+00]
[1.34988929e+01 7.08196822e-03 9.02483338e+03 0.00000000e+00]
[1.34494751e+01 8.13571090e-03 9.00539761e+03 0.00000000e+00]
[1.52765687e+01 8.95466894e-03 8.33506231e+03 0.00000000e+00]
[1.76494413e+01 7.72325855e-03 7.58203306e+03 0.00000000e+00]
[1.87892485e+01 8.18864697e-03 6.68468743e+03 0.00000000e+00]
[2.03894942e+01 9.01475920e-03 7.19914410e+03 0.00000000e+00]
[1.83635969e+01 7.83749398e-03 7.04076013e+03 0.00000000e+00]
[1.88264120e+01 7.73423872e-03 6.70004293e+03 0.00000000e+00]
[1.93693446e+01 6.78830686e-03 6.28273260e+03 0.00000000e+00]
[1.87377765e+01 6.23179084e-03 6.14074102e+03 0.00000000e+00]
[1.99536446e+01 6.55362397e-03 5.90209586e+03 0.00000000e+00]
[1.78099097e+01 6.27841723e-03 6.44219640e+03 0.00000000e+00]
[1.69863584e+01 6.01206088e-03 6.98862432e+03 0.00000000e+00]
[1.45929493e+01 5.48463286e-03 8.72142074e+03 0.00000000e+00]
[1.38793158e+01 5.41920743e-03 9.32984650e+03 0.00000000e+00]
[1.35204644e+01 5.53766244e-03 8.13107318e+03 0.00000000e+00]
[1.36728230e+01 5.74019876e-03 7.23474279e+03 0.00000000e+00]
[1.33919189e+01 5.88048440e-03 7.22193860e+03 0.00000000e+00]
[1.32280266e+01 5.77763943e-03 7.38997890e+03 0.00000000e+00]
[1.40938822e+01 5.72417451e-03 6.53490943e+03 0.00000000e+00]
[1.36218112e+01 5.71140373e-03 6.31474118e+03 0.00000000e+00]
[1.20703885e+01 5.79049993e-03 7.24403048e+03 0.00000000e+00]
[1.21767387e+01 5.95246577e-03 8.38128504e+03 0.00000000e+00]
[1.36115351e+01 5.55603594e-03 8.93460126e+03 0.00000000e+00]
[1.22455324e+01 5.50931887e-03 9.68120095e+03 0.00000000e+00]
[1.09973727e+01 5.30070002e-03 9.96303059e+03 0.00000000e+00]
[1.04183862e+01 5.66684180e-03 9.65867254e+03 0.00000000e+00]
[1.05905281e+01 5.35810658e-03 9.15485187e+03 0.00000000e+00]
[1.08673657e+01 6.04692793e-03 8.59530972e+03 0.00000000e+00]
[1.07160558e+01 6.67095186e-03 8.50023099e+03 0.00000000e+00]
[1.14512373e+01 7.26465336e-03 7.76993071e+03 0.00000000e+00]
[9.40408333e+00 7.20326215e-03 8.63518856e+03 0.00000000e+00]
[9.69412620e+00 7.63949522e-03 8.86827762e+03 0.00000000e+00]
[9.66372618e+00 7.62273664e-03 8.80779889e+03 0.00000000e+00]
[1.03784029e+01 8.27899359e-03 8.73675078e+03 0.00000000e+00]
[1.06761486e+01 9.27532938e-03 8.20614782e+03 0.00000000e+00]
[1.11904903e+01 1.06331727e-02 8.32857518e+03 0.00000000e+00]
[1.11395735e+01 1.10230429e-02 8.43365691e+03 0.00000000e+00]
[1.18761946e+01 1.22721004e-02 8.60226753e+03 0.00000000e+00]
[1.20271953e+01 1.31561404e-02 9.08473366e+03 0.00000000e+00]
[1.16402679e+01 1.40477943e-02 9.39881744e+03 0.00000000e+00]
[1.18129035e+01 1.23034572e-02 8.96102887e+03 0.00000000e+00]
[1.21041731e+01 1.25150764e-02 9.02691099e+03 0.00000000e+00]
[1.11358922e+01 1.22779370e-02 9.11886318e+03 0.00000000e+00]
[1.13498306e+01 1.17673639e-02 8.86496602e+03 0.00000000e+00]
[1.27157887e+01 1.12187879e-02 8.36375846e+03 0.00000000e+00]
[1.36002745e+01 1.05565794e-02 8.08391092e+03 0.00000000e+00]
[1.38141747e+01 1.20166749e-02 8.42570712e+03 0.00000000e+00]
[1.26186583e+01 1.27348676e-02 8.94216894e+03 0.00000000e+00]
[1.47500512e+01 1.24906773e-02 8.61130521e+03 0.00000000e+00]
[1.42329573e+01 1.14175482e-02 8.19537599e+03 0.00000000e+00]
[1.41691401e+01 1.12391439e-02 7.97506336e+03 0.00000000e+00]
[1.37537670e+01 1.27862337e-02 8.66593365e+03 0.00000000e+00]
[1.50387659e+01 1.10183554e-02 8.11611383e+03 0.00000000e+00]
[1.60517485e+01 9.45880463e-03 7.37491448e+03 0.00000000e+00]
[1.59880894e+01 8.81659099e-03 6.94155237e+03 0.00000000e+00]
[1.58918165e+01 6.87489755e-03 6.17129875e+03 0.00000000e+00]
[1.49868501e+01 6.56543155e-03 6.65318863e+03 0.00000000e+00]
[1.44417958e+01 6.81456059e-03 6.86033547e+03 0.00000000e+00]
[1.47481362e+01 5.74833493e-03 6.45742029e+03 0.00000000e+00]
[1.84406044e+01 5.40265791e-03 6.16682856e+03 0.00000000e+00]
[1.81927127e+01 5.22638665e-03 6.29111208e+03 0.00000000e+00]
[1.65601059e+01 5.72717709e-03 7.04187622e+03 0.00000000e+00]
[1.77509779e+01 5.39365019e-03 6.82400451e+03 0.00000000e+00]
[1.71700179e+01 5.52387248e-03 7.26504445e+03 0.00000000e+00]
[1.85135706e+01 5.18514460e-03 7.14432983e+03 0.00000000e+00]
[1.97087916e+01 4.86892736e-03 6.07202791e+03 0.00000000e+00]
[1.78020791e+01 4.76819519e-03 7.01828080e+03 0.00000000e+00]
[1.66034910e+01 4.72182687e-03 7.87912603e+03 0.00000000e+00]
[1.53883988e+01 5.31351355e-03 8.36908728e+03 0.00000000e+00]
[1.53776865e+01 4.76504169e-03 7.90306915e+03 0.00000000e+00]
[1.54337147e+01 4.77778796e-03 8.67310431e+03 0.00000000e+00]
[1.60038962e+01 4.82892296e-03 8.24814441e+03 0.00000000e+00]
[1.53775619e+01 4.72871720e-03 7.77178395e+03 0.00000000e+00]
[1.62517943e+01 4.68548240e-03 8.68418385e+03 0.00000000e+00]
[1.80278983e+01 4.74748686e-03 7.74737412e+03 0.00000000e+00]
[1.49399580e+01 4.62907128e-03 9.23957356e+03 0.00000000e+00]
[1.49770576e+01 4.62171430e-03 9.34342221e+03 0.00000000e+00]
[1.75986248e+01 5.16005482e-03 8.04449011e+03 0.00000000e+00]
[1.84085965e+01 4.90891574e-03 7.64611807e+03 0.00000000e+00]
[1.78931029e+01 4.92817131e-03 7.62181272e+03 0.00000000e+00]
[1.89107561e+01 5.05306992e-03 6.69757663e+03 0.00000000e+00]
[2.03447397e+01 5.15014739e-03 6.49963146e+03 0.00000000e+00]
[2.51882947e+01 5.96104955e-03 5.51055405e+03 0.00000000e+00]
[2.59095822e+01 5.54937444e-03 4.83277470e+03 0.00000000e+00]
[2.41256012e+01 5.43366178e-03 5.19408548e+03 0.00000000e+00]
[2.70174775e+01 5.61438124e-03 4.41588810e+03 0.00000000e+00]
[2.78720252e+01 5.67025910e-03 4.45659505e+03 0.00000000e+00]
[2.65624668e+01 6.26816214e-03 5.30997524e+03 0.00000000e+00]
[2.86387338e+01 6.01821200e-03 5.19548377e+03 0.00000000e+00]
[2.75859696e+01 5.95435929e-03 5.17390538e+03 0.00000000e+00]
[2.55181117e+01 5.87425111e-03 5.29497569e+03 0.00000000e+00]
[2.49340935e+01 5.76404888e-03 5.21271954e+03 0.00000000e+00]
[2.5252190e+01 5.7923748e-03 5.3366297e+03 0.0000000e+00]
[2.34099336e+01 5.70650150e-03 5.73620968e+03 0.00000000e+00]
[2.26002459e+01 5.89253095e-03 5.84799724e+03 0.00000000e+00]
[1.99562048e+01 5.53733223e-03 6.62503245e+03 0.00000000e+00]
[2.16323445e+01 8.28539673e-03 6.43568180e+03 0.00000000e+00]
[1.98789246e+01 6.80494078e-03 6.37670772e+03 0.00000000e+00]
[1.92241661e+01 6.96067003e-03 6.38544929e+03 0.00000000e+00]
[2.02573217e+01 6.26008622e-03 5.77595329e+03 0.00000000e+00]
[2.08231005e+01 7.63913880e-03 5.97913645e+03 0.00000000e+00]
[2.05163281e+01 8.43494575e-03 5.45015654e+03 0.00000000e+00]
[2.14296092e+01 7.52945457e-03 5.52068168e+03 0.00000000e+00]
[2.10007633e+01 7.40816902e-03 6.01134042e+03 0.00000000e+00]
[2.03384203e+01 6.23924870e-03 6.27142952e+03 0.00000000e+00]
[2.17746305e+01 5.71256590e-03 6.65779085e+03 0.00000000e+00]
[2.37436134e+01 6.53436507e-03 6.29869659e+03 0.00000000e+00]
[2.33785378e+01 7.61235558e-03 6.95214528e+03 0.00000000e+00]
[2.21246264e+01 6.99547906e-03 6.40485391e+03 0.00000000e+00]
[2.49068575e+01 8.91830443e-03 6.30660072e+03 0.00000000e+00]
[2.36761979e+01 7.96019889e-03 6.80642140e+03 0.00000000e+00]
[2.54112959e+01 1.04085961e-02 6.21894351e+03 0.00000000e+00]
[2.61789483e+01 8.32770035e-03 6.26356382e+03 0.00000000e+00]
[2.74254397e+01 7.83175810e-03 5.29996013e+03 0.00000000e+00]
[2.76228893e+01 8.29017575e-03 5.43764898e+03 0.00000000e+00]
[2.70279026e+01 7.15689614e-03 5.30385800e+03 0.00000000e+00]
[3.03961907e+01 7.31073952e-03 5.03736043e+03 0.00000000e+00]
[2.98269397e+01 6.97820264e-03 5.49732203e+03 0.00000000e+00]
[3.05144223e+01 6.02694394e-03 5.55850654e+03 0.00000000e+00]
[2.91692923e+01 6.09660064e-03 5.84028885e+03 0.00000000e+00]
[2.75360355e+01 6.05521823e-03 6.51147418e+03 0.00000000e+00]
[2.65989436e+01 6.44172825e-03 6.71247175e+03 0.00000000e+00]
[2.77198530e+01 6.70419276e-03 7.19462143e+03 0.00000000e+00]
[3.06910921e+01 7.78404314e-03 6.36623430e+03 0.00000000e+00]
[3.07581780e+01 6.68475486e-03 6.33538584e+03 0.00000000e+00]
[3.20512812e+01 7.30789049e-03 6.09802039e+03 0.00000000e+00]
[3.36372009e+01 9.90147825e-03 5.84330040e+03 0.00000000e+00]
[3.28713499e+01 1.15454493e-02 6.10344605e+03 0.00000000e+00]
[3.24129838e+01 1.13273794e-02 6.32805790e+03 0.00000000e+00]
[3.00958080e+01 1.09113755e-02 7.66240048e+03 0.00000000e+00]
[2.62894909e+01 7.80751528e-03 8.18196871e+03 0.00000000e+00]
[2.59407643e+01 7.24960497e-03 8.83675518e+03 0.00000000e+00]
[2.77947703e+01 8.72154982e-03 9.34987909e+03 0.00000000e+00]
[2.65982534e+01 6.88662991e-03 9.64656172e+03 0.00000000e+00]
[2.57053052e+01 5.94561472e-03 1.02092114e+04 0.00000000e+00]
[2.56533239e+01 6.62526598e-03 9.88403490e+03 0.00000000e+00]
[2.35226095e+01 5.54932231e-03 1.02330386e+04 0.00000000e+00]
[2.48131536e+01 5.48020478e-03 9.88668662e+03 0.00000000e+00]
[2.50904119e+01 5.52777393e-03 1.04515160e+04 0.00000000e+00]
[2.66653297e+01 5.93581855e-03 1.15990286e+04 0.00000000e+00]
[2.63112931e+01 5.79976642e-03 1.20420775e+04 0.00000000e+00]
[2.49036008e+01 5.56515593e-03 1.21067995e+04 0.00000000e+00]
[2.42737285e+01 5.32458884e-03 1.15585457e+04 0.00000000e+00]
[2.38425321e+01 5.28106302e-03 1.17704573e+04 0.00000000e+00]
[2.54958175e+01 5.33948582e-03 1.20430051e+04 0.00000000e+00]
[2.58624770e+01 6.76464597e-03 1.39294515e+04 0.00000000e+00]
[2.40095599e+01 6.13424542e-03 1.33172955e+04 0.00000000e+00]
[2.82307469e+01 5.69836917e-03 1.28129827e+04 0.00000000e+00]
[2.74890053e+01 5.89692357e-03 1.30528948e+04 0.00000000e+00]
[2.90130566e+01 4.91535685e-03 1.13674112e+04 0.00000000e+00]
[2.78467652e+01 5.39605878e-03 1.09309775e+04 0.00000000e+00]
[3.00590715e+01 4.98328835e-03 1.08002905e+04 0.00000000e+00]
[3.02658117e+01 5.09770872e-03 1.12181161e+04 0.00000000e+00]
[3.07252498e+01 5.34183620e-03 1.19059456e+04 0.00000000e+00]
[3.40147430e+01 5.64658905e-03 1.21569703e+04 0.00000000e+00]
[3.19932799e+01 5.86083197e-03 1.24976063e+04 0.00000000e+00]
[3.51966706e+01 5.61591237e-03 1.18166961e+04 0.00000000e+00]
[3.61569851e+01 5.73398205e-03 1.14979437e+04 0.00000000e+00]
[3.98390489e+01 5.65791865e-03 1.14789082e+04 0.00000000e+00]
[4.01213261e+01 5.81417464e-03 1.20667957e+04 0.00000000e+00]
[4.18826321e+01 5.99778239e-03 1.28994919e+04 0.00000000e+00]
[3.77676207e+01 6.65140931e-03 1.36137668e+04 0.00000000e+00]
[3.80917033e+01 6.91070946e-03 1.38278509e+04 0.00000000e+00]
[4.27040614e+01 7.74482891e-03 1.46818054e+04 0.00000000e+00]
[4.17426984e+01 8.05282793e-03 1.48792934e+04 0.00000000e+00]
[4.31582194e+01 8.26819401e-03 1.50541828e+04 0.00000000e+00]
[4.42240362e+01 8.82018442e-03 1.54747636e+04 0.00000000e+00]
[4.61165800e+01 9.09525314e-03 1.56600244e+04 0.00000000e+00]
[4.58770716e+01 9.26369246e-03 1.55278957e+04 0.00000000e+00]
[4.49428694e+01 1.04578472e-02 1.62895739e+04 0.00000000e+00]
[4.54659292e+01 9.88434367e-03 1.58307295e+04 0.00000000e+00]
[4.68248911e+01 1.04066455e-02 1.66423674e+04 0.00000000e+00]
[4.77246843e+01 1.28209922e-02 1.78088750e+04 0.00000000e+00]
[4.98166228e+01 1.41192260e-02 1.79210301e+04 0.00000000e+00]
[5.08002135e+01 1.37158553e-02 1.72019275e+04 0.00000000e+00]
[5.03802573e+01 1.36669231e-02 1.61940244e+04 0.00000000e+00]
[5.46460271e+01 1.38062746e-02 1.65006512e+04 0.00000000e+00]
[5.84906169e+01 1.41518128e-02 1.67300390e+04 0.00000000e+00]
[6.15108477e+01 1.49690986e-02 1.73828621e+04 0.00000000e+00]
[6.65892204e+01 1.43876405e-02 1.71677541e+04 0.00000000e+00]
[6.74984392e+01 1.44904920e-02 1.78340223e+04 0.00000000e+00]
[6.97614732e+01 1.44006902e-02 1.90174127e+04 0.00000000e+00]
[7.25384402e+01 1.55932804e-02 1.92326359e+04 0.00000000e+00]
[7.72396765e+01 1.64235935e-02 1.98340402e+04 0.00000000e+00]
[7.91018157e+01 1.72215829e-02 2.03530687e+04 0.00000000e+00]
[7.79474902e+01 1.98454564e-02 2.11868347e+04 0.00000000e+00]
[7.86192737e+01 2.06960492e-02 2.17140725e+04 0.00000000e+00]
[7.50029975e+01 2.39906253e-02 2.23304043e+04 0.00000000e+00]
[7.92681882e+01 2.32022340e-02 2.21375941e+04 0.00000000e+00]
[7.96610282e+01 2.43994233e-02 2.26532078e+04 0.00000000e+00]
[7.59536775e+01 3.00941537e-02 2.45654668e+04 0.00000000e+00]
[7.86391942e+01 2.92028160e-02 2.39997463e+04 0.00000000e+00]
[8.30327411e+01 3.05082605e-02 2.44313356e+04 0.00000000e+00]
[7.90199578e+01 2.76697590e-02 2.38972957e+04 0.00000000e+00]
[7.79290858e+01 2.59517097e-02 2.32453149e+04 0.00000000e+00]
[7.83208047e+01 2.71629669e-02 2.34886749e+04 0.00000000e+00]
[8.07298116e+01 2.87681146e-02 2.26913691e+04 0.00000000e+00]
[7.86943582e+01 2.77242280e-02 2.32191007e+04 0.00000000e+00]
[8.58727897e+01 3.06493786e-02 2.28691351e+04 0.00000000e+00]
[8.51089517e+01 2.99653007e-02 2.22845057e+04 0.00000000e+00]
[8.22748470e+01 3.14266981e-02 2.20812525e+04 0.00000000e+00]
[7.97057817e+01 2.88205780e-02 2.15159986e+04 0.00000000e+00]
[7.93019524e+01 2.44794517e-02 2.00687630e+04 0.00000000e+00]
[8.15841730e+01 2.54382922e-02 2.02398785e+04 0.00000000e+00]
[7.99353993e+01 2.36952094e-02 1.99560608e+04 0.00000000e+00]
[7.96880700e+01 2.51385722e-02 1.98706835e+04 0.00000000e+00]
[7.95981525e+01 2.18791652e-02 1.88827860e+04 0.00000000e+00]
[7.92371674e+01 2.02607528e-02 1.83357666e+04 0.00000000e+00]
[7.60548797e+01 2.10537202e-02 1.84814129e+04 0.00000000e+00]
[7.06812233e+01 1.87324271e-02 1.75946106e+04 0.00000000e+00]
[7.16493537e+01 1.85990850e-02 1.81115224e+04 0.00000000e+00]
[7.10605836e+01 2.20501906e-02 1.85541706e+04 0.00000000e+00]
[7.19904255e+01 2.65863065e-02 1.96041717e+04 0.00000000e+00]
[7.22659116e+01 2.92693939e-02 1.96016291e+04 0.00000000e+00]
[7.13268078e+01 2.82892006e-02 1.91347109e+04 0.00000000e+00]
[7.96656616e+01 3.39875487e-02 1.96178502e+04 0.00000000e+00]
[8.08382403e+01 3.14769167e-02 1.98594576e+04 0.00000000e+00]
[8.13198584e+01 3.19180331e-02 1.94148189e+04 0.00000000e+00]
[8.58278660e+01 2.60402990e-02 1.92179735e+04 0.00000000e+00]
[8.76872429e+01 2.86951971e-02 1.96920882e+04 0.00000000e+00]
[8.72945957e+01 2.92388383e-02 1.94351982e+04 0.00000000e+00]
[8.69852828e+01 3.01505235e-02 1.87315196e+04 0.00000000e+00]
[8.84398944e+01 2.59297730e-02 1.73324560e+04 0.00000000e+00]
[8.56640045e+01 2.55294324e-02 1.71385656e+04 0.00000000e+00]
[8.41459696e+01 2.97010882e-02 1.76043745e+04 0.00000000e+00]
[8.53501209e+01 3.03245589e-02 1.81765339e+04 0.00000000e+00]
[8.59519972e+01 3.10537762e-02 1.78196550e+04 0.00000000e+00]
[8.49431205e+01 2.96522074e-02 1.70141054e+04 0.00000000e+00]
[8.20133048e+01 3.29860513e-02 1.75851488e+04 0.00000000e+00]
[8.37119334e+01 3.17954748e-02 1.74864558e+04 0.00000000e+00]
[8.26701194e+01 3.30832400e-02 1.77624540e+04 0.00000000e+00]
[8.37253036e+01 3.87592796e-02 1.89825545e+04 0.00000000e+00]
[8.64973821e+01 3.26600902e-02 1.82351890e+04 0.00000000e+00]
[8.70308055e+01 3.78928335e-02 1.91050472e+04 0.00000000e+00]
[8.92482295e+01 3.83953506e-02 1.87728847e+04 0.00000000e+00]
[8.80594504e+01 3.89719784e-02 1.93817213e+04 0.00000000e+00]
[8.94140445e+01 4.81970349e-02 1.95705718e+04 0.00000000e+00]
[9.25613553e+01 5.83736588e-02 2.09142016e+04 0.00000000e+00]
[9.28794210e+01 6.43024403e-02 2.14454165e+04 0.00000000e+00]
[9.49579962e+01 7.49208531e-02 2.30778125e+04 0.00000000e+00]
[9.61411885e+01 7.11575738e-02 2.25648995e+04 0.00000000e+00]
[9.52965509e+01 6.58620422e-02 2.22548407e+04 0.00000000e+00]
[9.53843128e+01 5.75421640e-02 2.15604412e+04 0.00000000e+00]
[9.24047630e+01 4.81602494e-02 2.02843490e+04 0.00000000e+00]
[9.57516781e+01 5.03758950e-02 2.07396165e+04 0.00000000e+00]
[1.01034744e+02 5.50177649e-02 2.04941530e+04 0.00000000e+00]
[1.02397076e+02 4.66031124e-02 1.89422023e+04 0.00000000e+00]
[1.02563750e+02 4.69098235e-02 1.92599247e+04 0.00000000e+00]
[1.02018570e+02 4.37164109e-02 1.86992460e+04 0.00000000e+00]
[1.00210875e+02 4.33056885e-02 1.80405238e+04 0.00000000e+00]
[9.96705850e+01 4.43992934e-02 1.78158146e+04 0.00000000e+00]
[9.71602494e+01 3.86094406e-02 1.74150648e+04 0.00000000e+00]
[1.01391641e+02 3.80792640e-02 1.64824114e+04 0.00000000e+00]
[1.07766842e+02 4.30193784e-02 1.65171449e+04 0.00000000e+00]
[1.14666549e+02 3.89387793e-02 1.57510163e+04 0.00000000e+00]
[1.16692741e+02 3.44666764e-02 1.49545373e+04 0.00000000e+00]
[1.17268133e+02 3.10685578e-02 1.40816740e+04 0.00000000e+00]
[1.14471562e+02 2.98435915e-02 1.36165644e+04 0.00000000e+00]
[1.16066669e+02 2.48701404e-02 1.26209737e+04 0.00000000e+00]
[1.20223511e+02 3.09446241e-02 1.35250324e+04 0.00000000e+00]
[1.18764829e+02 3.00669299e-02 1.30969711e+04 0.00000000e+00]