[  22.9096063     9.86604989 1262.85438564    0.        ]
[  23.60541896    9.82767703 1257.94266033    0.        ]
[  24.70321042    9.66886888 1237.6152171     0.        ]
[  23.77390469    9.5586677  1223.50946498    0.        ]
[  23.34021125   10.15326293 1299.61765481    0.        ]
[  23.42410787    9.82708903 1257.86739568    0.        ]
[  23.63073633    9.35700321 1197.69641083    0.        ]
[  23.77412184    9.59369555 1227.99303099    0.        ]
[  25.40257629    9.13787822 1169.64841224    0.        ]
[  25.26412008    9.44731707 1209.25658504    0.        ]
[  26.33056201    9.13451383 1169.21777044    0.        ]
[  25.42027616    9.18003941 1175.04504457    0.        ]
[  25.156238      9.08789998 1163.2511976     0.        ]
[  23.80508411    9.28723227 1188.76573027    0.        ]
[  23.998503      9.35628205 1197.60410289    0.        ]
[  25.64764773    8.97182514 1148.39361827    0.        ]
[  25.97288748    8.80067094 1126.48588054    0.        ]
[  26.69236288    8.60871087 1101.91499096    0.        ]
[  26.60180405    8.96699485 1147.77534016    0.        ]
[  25.4499312     8.59987725 1100.78428779    0.        ]
[  24.29618768    8.37562413 1072.07988828    0.        ]
[  24.03331089    8.46156986 1083.08094158    0.        ]
[  24.68438154    8.92058098 1141.83436521    0.        ]
[  24.06291441    8.52887644 1091.69618418    0.        ]
[  23.93915975    8.3615594  1070.27960307    0.        ]
[  23.47838257    8.19114227 1048.46621113    0.        ]
[  24.96711306    8.14846101 1043.00300934    0.        ]
[  25.95714199    8.31582206 1064.42522332    0.        ]
[  26.10095043    8.05326336 1030.8177101     0.        ]
[  26.75652327    8.02984311 1027.81991817    0.        ]
[  26.32944374    8.2533251  1056.42561329    0.        ]
[  25.87261618    8.27102726 1058.69148988    0.        ]
[  26.65461603    8.07475954 1033.56922077    0.        ]
[ 26.95340443   7.77038848 994.60972528   0.        ]
[ 26.53403639   7.7263213  988.96912703   0.        ]
[ 25.5299364    7.59987246 972.7836753    0.        ]
[ 26.08726708   7.73843546 990.51973846   0.        ]
[ 25.61377787   7.62964211 976.59419017   0.        ]
[ 25.24928238   7.48065281 957.52356009   0.        ]
[ 25.14022558   7.14926556 915.1059918    0.        ]
[ 24.97705414   7.02639748 899.37887738   0.        ]
[ 24.74731835   7.32976367 938.20975002   0.        ]
[ 25.30305926   7.0422922  901.41340218   0.        ]
[ 24.91167937   7.21174106 923.10285593   0.        ]
[ 25.73221637   7.06364644 904.14674468   0.        ]
[ 24.05373931   7.15171175 915.41910352   0.        ]
[ 25.84828317   7.02407843 899.08203871   0.        ]
[ 24.53997602   7.03603005 900.61184613   0.        ]
[ 24.6670758    7.03373065 900.31752334   0.        ]
[ 25.06520516   6.96009814 890.89256182   0.        ]
[ 24.70628132   7.0976921  908.50458938   0.        ]
[ 25.02618843   7.15074829 915.29578109   0.        ]
[ 24.80073033   6.9355305  887.74790447   0.        ]
[ 24.34144575   7.11350234 910.52829919   0.        ]
[ 25.24484568   6.7290348  861.31645433   0.        ]
[ 24.88443313   6.82169587 873.17707099   0.        ]
[ 24.59363719   6.85529691 877.47800469   0.        ]
[ 24.821888     6.69276452 856.67385834   0.        ]
[ 24.63778767   6.7794284  867.76683472   0.        ]
[ 24.86875057   6.8869811  881.53358032   0.        ]
[ 25.21256176   6.65557891 851.91410021   0.        ]
[ 26.13037388   6.59630412 844.32692797   0.        ]
[ 25.53264163   6.72498335 860.79786844   0.        ]
[ 25.94492371   6.56376795 840.16229755   0.        ]
[ 26.59867693   6.46135824 827.05385425   0.        ]
[ 26.2182591    6.62156985 847.56094018   0.        ]
[ 26.41422714   6.4020722  819.46524127   0.        ]
[ 26.60069804   6.32053128 809.02800414   0.        ]
[ 26.76445618   6.42609026 822.53955308   0.        ]
[ 26.37897004   6.32441705 809.52538245   0.        ]
[ 26.55732217   6.28545204 804.5378616    0.        ]
[ 27.01523266   6.20473118 794.20559077   0.        ]
[ 27.56693669   5.96408277 763.40259485   0.        ]
[ 27.54140822   6.19797765 793.34113886   0.        ]
[ 27.36180443   5.86721631 751.00368824   0.        ]
[ 27.67421996   5.79253917 741.44501369   0.        ]
[ 28.01090411   5.64397727 722.42909093   0.        ]
[ 28.69431205   5.67377083 726.24266628   0.        ]
[ 27.41644902   5.68583457 727.78682477   0.        ]
[ 28.42331851   5.6833152  727.46434615   0.        ]
[ 27.9253453    5.78048112 739.90158313   0.        ]
[ 28.12542255   5.55409105 710.92365492   0.        ]
[ 27.51533983   5.6240825  719.88255936   0.        ]
[ 27.68076191   5.65543373 723.89551742   0.        ]
[ 28.56966319   5.60256393 717.12818269   0.        ]
[ 28.29874233   5.56421864 712.21998597   0.        ]
[ 27.73726081   5.66701932 725.378473     0.        ]
[ 27.71790644   5.61761617 719.05487003   0.        ]
[ 27.73050968   5.72771608 733.14765803   0.        ]
[ 28.19623496   5.45399425 698.11126434   0.        ]
[ 28.04093087   5.5709802  713.08546503   0.        ]
[ 27.9987855    5.54816471 710.16508259   0.        ]
[ 28.11838094   5.53204149 708.10131094   0.        ]
[ 28.01781245   5.53960949 709.0700142    0.        ]
[ 27.92769556   5.51728088 706.21195254   0.        ]
[ 28.34269419   5.28306051 676.23174555   0.        ]
[ 28.21880009   5.33401689 682.75416141   0.        ]
[ 28.96427131   5.28211134 676.11025152   0.        ]
[ 28.37188257   5.31681666 680.55253213   0.        ]
[ 28.65489321   5.19310843 664.71787929   0.        ]
[ 29.33884081   5.10241445 653.10905006   0.        ]
[ 29.16751645   5.16432814 661.03400204   0.        ]
[ 29.06308567   5.14082255 658.02528606   0.        ]
[ 29.14851528   5.1954219  665.01400289   0.        ]
[ 29.43954694   5.1835257  663.49128951   0.        ]
[ 28.91669185   5.04327264 645.53889752   0.        ]
[ 29.04167359   5.06049484 647.74333914   0.        ]
[ 29.14025128   4.93254757 631.36608893   0.        ]
[ 29.12137448   4.86639411 622.89844631   0.        ]
[ 29.19602557   4.82733742 617.89918917   0.        ]
[ 29.18370937   4.84362072 619.98345179   0.        ]
[ 29.19909924   4.87340604 623.79597305   0.        ]
[ 29.11084039   4.87263607 623.69741741   0.        ]
[ 29.07766501   4.79311416 613.51861258   0.        ]
[ 29.08795392   4.7878557  612.84552957   0.        ]
[ 28.62594313   4.8513226  620.96929308   0.        ]
[ 28.97442973   4.80731927 615.33686708   0.        ]
[ 29.10522107   4.8318266  618.47380426   0.        ]
[ 28.60826031   4.77810378 611.59728414   0.        ]
[ 29.05064602   4.73465286 606.03556649   0.        ]
[ 29.37982021   4.66941874 597.68559828   0.        ]
[ 29.6320415    4.53043228 579.89533152   0.        ]
[ 29.36804514   4.67762578 598.73609942   0.        ]
[ 29.84760213   4.46547705 571.58106223   0.        ]
[ 29.87006494   4.45394591 570.10507652   0.        ]
[ 30.10471675   4.43759674 568.01238261   0.        ]
[ 30.33645891   4.39686154 562.79827749   0.        ]
[ 30.36463879   4.43139347 567.2183645    0.        ]
[ 30.76066574   4.39299876 562.30384168   0.        ]
[ 30.30143251   4.3747811  559.97198045   0.        ]
[ 30.67694977   4.38505991 561.2876679    0.        ]
[ 30.43692092   4.39284801 562.28454545   0.        ]
[ 30.17542719   4.36173755 558.30240624   0.        ]
[ 29.67494234   4.40056947 563.27289239   0.        ]
[ 30.17473459   4.34297185 555.90039734   0.        ]
[ 30.4300673    4.26538258 545.96897009   0.        ]
[ 29.9356952    4.29374656 549.59955939   0.        ]
[ 30.19884467   4.30744472 551.35292463   0.        ]
[ 30.35397169   4.24917986 543.89502147   0.        ]
[ 29.92858852   4.35550332 557.50442486   0.        ]
[ 30.38690539   4.28989784 549.10692322   0.        ]
[ 30.39500916   4.21595314 539.64200179   0.        ]
[ 30.57353414   4.15921206 532.37914366   0.        ]
[ 30.17712087   4.26622455 546.07674191   0.        ]
[ 30.23146717   4.20914222 538.7702038    0.        ]
[ 30.53008352   4.21718193 539.79928686   0.        ]
[ 30.45071327   4.24219774 543.00131108   0.        ]
[ 30.51918771   4.20602103 538.37069199   0.        ]
[ 30.36614501   4.16274136 532.83089379   0.        ]
[ 30.58135742   4.11760028 527.05283583   0.        ]
[ 30.9033029    4.12158371 527.56271432   0.        ]
[ 30.76121866   4.10923776 525.98243328   0.        ]
[ 30.71781803   4.0628353  520.04291877   0.        ]
[ 30.91912395   4.04738312 518.06503973   0.        ]
[ 30.96565453   4.04415414 517.65173053   0.        ]
[ 30.93091688   4.03118986 515.99230228   0.        ]
[ 31.08120463   4.0679056  520.6919165    0.        ]
[ 30.78641075   4.03689809 516.72295587   0.        ]
[ 31.12543224   4.00640238 512.8195046    0.        ]
[ 31.26445691   3.94645141 505.14578007   0.        ]
[ 31.36309924   3.91255965 500.80763532   0.        ]
[ 31.38856266   3.88703727 497.54077042   0.        ]
[ 31.51706128   3.87832148 496.42514932   0.        ]
[ 31.44270094   3.9054786  499.9012602    0.        ]
[ 31.2299692    3.85130924 492.96758262   0.        ]
[ 31.1885015    3.83284065 490.60360271   0.        ]
[ 30.9128382    3.86799726 495.10364977   0.        ]
[ 31.42004776   3.78095821 483.96265108   0.        ]
[ 31.31766497   3.78382503 484.32960433   0.        ]
[ 31.50584524   3.77127752 482.72352282   0.        ]
[ 31.43092116   3.76922462 482.46075115   0.        ]
[ 31.27158727   3.74967694 479.95864804   0.        ]
[ 31.16398758   3.76481921 481.89685896   0.        ]
[ 31.35466111   3.74264224 479.05820695   0.        ]
[ 31.60211897   3.72228375 476.45231953   0.        ]
[ 31.80158278   3.72029918 476.19829544   0.        ]
[ 31.92085941   3.71630346 475.68684266   0.        ]
[ 31.57015154   3.71415697 475.4120927    0.        ]
[ 31.46960015   3.72214236 476.43422266   0.        ]
[ 31.77265645   3.70790482 474.61181732   0.        ]
[ 31.95297541   3.65317777 467.60675425   0.        ]
[ 31.81985074   3.6763054  470.56709094   0.        ]
[ 31.7520757    3.64955829 467.14346073   0.        ]
[ 31.88975126   3.65339714 467.63483397   0.        ]
[ 31.56512809   3.65458066 467.78632498   0.        ]
[ 31.90022951   3.63816144 465.68466463   0.        ]
[ 32.17631673   3.61494863 462.71342518   0.        ]
[ 32.28920743   3.63792504 465.65440519   0.        ]
[ 32.34667534   3.61090295 462.1955773    0.        ]
[ 32.41983062   3.62289083 463.73002603   0.        ]
[ 32.33932295   3.62702292 464.25893409   0.        ]
[ 32.18988806   3.6424823  466.23773408   0.        ]
[ 32.39557828   3.62466462 463.9570709    0.        ]
[ 32.27533203   3.61076722 462.17820383   0.        ]
[ 32.28926146   3.63414169 465.17013618   0.        ]
[ 32.25942335   3.60257271 461.1293065    0.        ]
[ 32.01871549   3.62622473 464.15676528   0.        ]
[ 32.42473122   3.5991319  460.68888293   0.        ]
[ 32.48154928   3.59508475 460.17084805   0.        ]
[ 32.32403459   3.59866932 460.62967278   0.        ]
[ 32.36728303   3.61929033 463.26916223   0.        ]
[ 32.49557976   3.59316884 459.9256109    0.        ]
[ 32.33391046   3.62430738 463.91134463   0.        ]
[ 32.6514378    3.57982811 458.21799758   0.        ]
[ 32.8886269    3.53682708 452.71386619   0.        ]
[ 32.95818727   3.50558714 448.71515364   0.        ]
[ 32.91553542   3.53773205 452.82970245   0.        ]
[ 33.12580682   3.507064   448.90419141   0.        ]
[ 32.82672865   3.50369935 448.47351708   0.        ]
[ 32.95328969   3.47042095 444.21388097   0.        ]
[ 32.73454898   3.48529623 446.11791772   0.        ]
[ 32.68766462   3.46215987 443.15646272   0.        ]
[ 32.54085273   3.46638119 443.69679283   0.        ]
[ 32.68130675   3.48927898 446.62770928   0.        ]
[ 32.70469135   3.47908886 445.32337397   0.        ]
[ 32.70071861   3.46725764 443.80897755   0.        ]
[ 32.86230635   3.43648802 439.87046648   0.        ]
[ 33.03900719   3.43136853 439.21517191   0.        ]
[ 33.17841256   3.41613889 437.26577762   0.        ]
[ 33.01757271   3.43895652 440.18643446   0.        ]
[ 32.99542281   3.45930236 442.7907017    0.        ]
[ 33.24666504   3.4081119  436.23832281   0.        ]
[ 33.12670328   3.41476941 437.09048432   0.        ]
[ 33.20132691   3.40392251 435.70208146   0.        ]
[ 33.30095781   3.42097249 437.88447866   0.        ]
[ 33.0588622    3.42221147 438.04306843   0.        ]
[ 33.06408117   3.39448824 434.49449462   0.        ]
[ 32.98467754   3.41725973 437.40924546   0.        ]
[ 33.06806444   3.40079897 435.30226781   0.        ]
[ 33.16080778   3.41164295 436.69029731   0.        ]
[ 33.0203242    3.40005466 435.2069966    0.        ]
[ 33.19403626   3.41043476 436.5356492    0.        ]
[ 32.9739395    3.40059192 435.27576636   0.        ]
[ 33.0570706    3.36945792 431.29061435   0.        ]
[ 33.002634     3.38430771 433.19138637   0.        ]
[ 33.06411012   3.37915699 432.53209534   0.        ]
[ 32.96307655   3.380051   432.64652849   0.        ]
[ 33.02049128   3.36506987 430.72894362   0.        ]
[ 33.03520949   3.36601391 430.84978021   0.        ]
[ 33.16805035   3.31902476 424.83516902   0.        ]
[ 33.26696189   3.33444342 426.80875773   0.        ]
[ 33.30292745   3.32580714 425.70331456   0.        ]
[ 33.22951571   3.31240613 423.98798473   0.        ]
[ 33.33276009   3.31147198 423.86841335   0.        ]
[ 33.37342399   3.30913673 423.5695016    0.        ]
[ 33.39343435   3.30432412 422.95348762   0.        ]
[ 33.32958215   3.32589342 425.7143577    0.        ]
[ 33.50775098   3.31406881 424.20080798   0.        ]
[ 33.34799074   3.30509577 423.05225867   0.        ]
[ 33.37450126   3.30111149 422.54227098   0.        ]
[ 33.24752676   3.29878984 422.24509971   0.        ]
[ 33.2812835    3.28665385 420.69169322   0.        ]
[ 33.29079547   3.29174378 421.34320372   0.        ]
[ 33.14830968   3.29921202 422.29913846   0.        ]
[ 33.42175938   3.28151102 420.03341043   0.        ]
[ 33.29599757   3.2962739  421.92305895   0.        ]
[ 33.4629873    3.28592944 420.59896772   0.        ]
[ 33.40940521   3.25692727 416.8866903    0.        ]
[ 33.37840946   3.25946993 417.21215041   0.        ]
[ 33.47038361   3.25997379 417.27664449   0.        ]
[ 33.38543376   3.26240037 417.58724694   0.        ]
[ 33.3215128    3.25431042 416.55173427   0.        ]
[ 33.30757408   3.27383931 419.05143218   0.        ]
[ 33.26020841   3.28527725 420.5154876    0.        ]
[ 33.12399008   3.27285809 418.92583566   0.        ]
[ 33.27275443   3.25748789 416.95844934   0.        ]
[ 33.20385568   3.27068741 418.64798831   0.        ]
[ 33.37351084   3.23967967 414.67899809   0.        ]
[ 33.40975038   3.24227548 415.01126204   0.        ]
[ 33.32697591   3.24409903 415.24467603   0.        ]
[ 33.51131504   3.2303297  413.48220189   0.        ]
[ 33.51299043   3.24301122 415.10543582   0.        ]
[ 33.54786578   3.22575204 412.89626061   0.        ]
[ 33.52993923   3.2315134  413.6337152    0.        ]
[ 33.58935851   3.23067834 413.52682789   0.        ]
[ 33.56093153   3.24302567 415.10728581   0.        ]
[ 33.4219038    3.23593994 414.20031169   0.        ]
[ 33.64463032   3.21015627 410.90000257   0.        ]
[ 33.65385029   3.21772873 411.86927765   0.        ]
[ 33.67001098   3.19607466 409.09755586   0.        ]
[ 33.68192733   3.19673844 409.18251977   0.        ]
[ 33.67294521   3.19799292 409.34309393   0.        ]
[ 33.61463566   3.19276526 408.67395345   0.        ]
[ 33.63295076   3.18679211 407.90939071   0.        ]
[ 33.59014995   3.18928875 408.22895937   0.        ]
[ 33.54811562   3.1910499  408.45438657   0.        ]
[ 33.58529257   3.18722071 407.9642515    0.        ]
[ 33.5588739    3.19023076 408.34953668   0.        ]
[ 33.61201555   3.18194646 407.28914722   0.        ]
[ 33.56587782   3.19273082 408.66954442   0.        ]
[ 33.61505826   3.17835161 406.82900647   0.        ]
[ 33.58200889   3.18211707 407.31098509   0.        ]
[ 33.64879386   3.17057615 405.83374738   0.        ]
[ 33.62577051   3.16697035 405.37220484   0.        ]
[ 33.69553461   3.1590595  404.35961618   0.        ]
[ 33.73201839   3.15995394 404.47410453   0.        ]
[ 33.65448677   3.15680707 404.07130511   0.        ]
[ 33.6790926    3.148146   402.96268802   0.        ]
[ 33.7245143    3.14532675 402.60182405   0.        ]
[ 33.73852114   3.14629291 402.72549273   0.        ]
[ 33.7171623    3.14378991 402.40510829   0.        ]