[  22.9096063    64.21668124 7187.26990046    0.        ]
[  24.18005647   64.13633765 6990.66866463    0.        ]
[  24.69396651   63.97012775 6825.06629988    0.        ]
[  24.88993758   64.4169299  7063.13126931    0.        ]
[  24.82884288   63.99391302 6747.65806027    0.        ]
[  23.09197829   63.9615475  6804.4497825     0.        ]
[  24.66867708   63.94395747 6724.36510402    0.        ]
[  23.07354724   63.92971226 6761.53985775    0.        ]
[  25.47819484   64.07569739 6811.63949245    0.        ]
[  24.7732746    64.07589364 6813.83267326    0.        ]
[  25.54667924   63.88359413 6602.55996108    0.        ]
[  24.63387231   64.10836938 6716.39582858    0.        ]
[  25.87427516   64.16130494 6643.60834228    0.        ]
[  25.87853741   64.05494194 6631.51719942    0.        ]
[  24.96857953   63.71701561 6538.28279219    0.        ]
[  24.704177     63.45037968 6516.53586519    0.        ]
[  24.47438588   63.43511736 6603.51650906    0.        ]
[  25.23538476   63.41168801 6476.29537683    0.        ]
[  22.91344299   63.22803526 6449.65608835    0.        ]
[  23.82483433   63.26364898 6486.84820127    0.        ]
[  24.08712182   63.23017731 6272.91597453    0.        ]
[  22.57850911   63.37332967 6364.47503568    0.        ]
[  24.36649286   63.40476451 6522.37336633    0.        ]
[  24.53264741   63.34092128 6274.36764985    0.        ]
[  23.39737949   63.19638573 6250.11837501    0.        ]
[  23.62491202   62.99928015 6232.31317458    0.        ]
[  22.74438302   63.4134503  6500.52966213    0.        ]
[  23.01519375   63.05268728 6307.48994236    0.        ]
[  24.74754081   62.97765031 6348.95288796    0.        ]
[  23.86347728   62.877052   6201.34434501    0.        ]
[  23.70765445   62.90509417 6158.79275719    0.        ]
[  23.5108908    62.94289919 6183.74068357    0.        ]
[  24.26782105   63.0358327  6196.2232852     0.        ]
[  25.13404122   62.81042146 6092.90352344    0.        ]
[  26.09064201   62.64465781 6013.65464454    0.        ]
[  26.60285784   62.59422381 6000.24952018    0.        ]
[  27.20923589   62.60208934 5844.90807538    0.        ]
[  26.49653121   62.75207829 5909.67173049    0.        ]
[  25.8615959    62.59436149 5808.57992715    0.        ]
[  25.6055849    62.59783598 5757.9964247     0.        ]
[  26.28431818   62.37139892 5510.94288367    0.        ]
[  27.09289818   62.16290679 5368.65867246    0.        ]
[  26.68756705   62.17549237 5348.84221341    0.        ]
[  25.93745815   62.32660567 5552.85121311    0.        ]
[  25.94709992   62.26264983 5296.82069201    0.        ]
[  26.55818453   62.17036317 5142.49862056    0.        ]
[  26.10521243   62.32804503 5030.84566999    0.        ]
[  25.62366086   62.42476939 5083.46546044    0.        ]
[  25.54843733   62.4283502  5136.4470043     0.        ]
[  26.59088227   62.18936006 4984.39302184    0.        ]
[  27.00964975   62.19470557 4917.09898383    0.        ]
[  27.36038475   62.15578727 4937.68230106    0.        ]
[  26.73836646   62.14194917 4828.74092302    0.        ]
[  26.84141075   62.00044081 4691.00397248    0.        ]
[  24.89625231   62.13202629 4757.01795516    0.        ]
[  26.63850086   62.04916328 4714.8608858     0.        ]
[  27.55656696   61.99010524 4556.82108627    0.        ]
[  27.54369959   62.07533487 4557.26154694    0.        ]
[  27.10395047   62.20476158 4644.17358806    0.        ]
[  27.34956652   61.95006145 4582.91758814    0.        ]
[  27.76708015   61.90339306 4339.01397252    0.        ]
[  27.04672891   61.84001924 4424.81356701    0.        ]
[  29.14440271   61.93090872 4248.02528724    0.        ]
[  28.82607752   61.83008795 4302.23883592    0.        ]
[  28.53236823   62.03677087 4289.43008678    0.        ]
[  28.82663241   61.88822664 4283.25766647    0.        ]
[  30.87625399   61.94562654 4086.04732992    0.        ]
[  30.86513223   61.84162639 4267.83740196    0.        ]
[  29.57837197   62.01399488 4257.19542628    0.        ]
[  32.68888833   61.99755101 3772.35903753    0.        ]
[  31.90367325   62.03797543 3879.3472725     0.        ]
[  33.29624864   61.94301318 3795.22205379    0.        ]
[  32.07311662   62.16781908 3612.37125767    0.        ]
[  32.38434416   62.19465047 3626.10948061    0.        ]
[  31.87831623   62.14293531 3474.56262417    0.        ]
[  31.6835808    62.14081734 3473.66567035    0.        ]
[  32.27577917   62.08802302 3506.7870417     0.        ]
[  32.40557623   62.10567307 3512.40046916    0.        ]
[  32.16412028   61.86024483 3502.94076185    0.        ]
[  32.17938569   62.04128686 3403.56001698    0.        ]
[  33.04117609   62.03180392 3402.36465984    0.        ]
[  33.30365371   62.04191905 3511.02875645    0.        ]
[  34.56314009   61.7877     3297.15110142    0.        ]
[  33.971224     61.84298476 3152.76734197    0.        ]
[  33.38948459   61.70669826 3210.08516408    0.        ]
[  33.72600458   61.94846784 3257.49695063    0.        ]
[  34.22791385   61.80751616 3212.78125699    0.        ]
[  32.57655186   61.8291636  3240.6755524     0.        ]
[  34.52783374   61.82495084 3142.18375357    0.        ]
[  35.02787999   61.67535274 3213.63145194    0.        ]
[  35.11779851   61.62086221 3262.79489613    0.        ]
[  34.71171086   61.67036467 3246.03215076    0.        ]
[  33.90510023   61.84049625 3183.14641472    0.        ]
[  36.1443486    61.79788937 3056.61545108    0.        ]
[  36.61164918   61.93260723 2868.456165      0.        ]
[  37.26270195   62.08673362 2803.49578186    0.        ]
[  37.37874085   62.1810631  2789.28652683    0.        ]
[  38.10208778   62.1668845  2820.85785886    0.        ]
[  37.2291021    62.02909425 2811.30742178    0.        ]
[  37.27588263   62.25068209 2846.56419366    0.        ]
[  38.84078786   61.9503776  2812.29788305    0.        ]
[  36.74338838   62.06173326 2854.72706726    0.        ]
[  37.07319232   62.24820502 2868.77255525    0.        ]
[  38.02724794   62.22337666 2786.79488656    0.        ]
[  39.60406129   62.29820554 2713.73104395    0.        ]
[  38.73294847   62.21847574 2803.36441842    0.        ]
[  39.2330375    62.24850692 2864.02012475    0.        ]
[  40.14521442   62.43819275 2668.63646509    0.        ]
[  39.33674798   62.46090776 2655.89079261    0.        ]
[  38.12500722   62.43059385 2641.94009809    0.        ]
[  37.51641896   62.4412584  2705.5391432     0.        ]
[  37.81318852   62.56099564 2581.4605728     0.        ]
[  37.52733077   62.64179425 2589.76592325    0.        ]
[  38.04127156   62.44364035 2614.44821463    0.        ]
[  36.90130329   62.58125242 2572.99361536    0.        ]
[  35.63238638   62.50028455 2738.38766098    0.        ]
[  38.95664779   62.60341898 2426.40331818    0.        ]
[  39.35033715   62.63032561 2379.69819276    0.        ]
[  41.00289115   62.51015629 2396.31779991    0.        ]
[  39.73818369   62.66953622 2361.51612402    0.        ]
[  39.8684474    62.73674772 2332.16749658    0.        ]
[  39.72872312   62.66998032 2404.41191341    0.        ]
[  41.28854744   62.71861097 2284.73896352    0.        ]
[  40.34281974   62.62982919 2424.01096378    0.        ]
[  41.95576633   62.94239449 2332.47188445    0.        ]
[  41.95645352   62.88811456 2241.50855085    0.        ]
[  40.79622523   62.93051395 2317.15750126    0.        ]
[  42.34248894   62.80417671 2326.11648005    0.        ]
[  41.76595362   62.99122186 2290.43873853    0.        ]
[  41.13279528   62.70277099 2311.09738386    0.        ]
[  41.76306164   62.79733041 2179.4432426     0.        ]
[  43.40049401   62.9879555  2029.53079318    0.        ]
[  44.35765477   62.99969691 1975.70721294    0.        ]
[  45.68938436   63.17737488 1926.12482457    0.        ]
[  45.20989352   63.12716215 1954.79917778    0.        ]
[  45.06858208   63.17197502 1869.88028113    0.        ]
[  45.06513529   63.25430327 1861.05746011    0.        ]
[  46.82298562   63.19641739 1874.74543904    0.        ]
[  46.77148567   63.46810282 1804.52079315    0.        ]
[  46.56202098   63.479194   1828.69535259    0.        ]
[  46.22635559   63.37897771 1860.74499677    0.        ]
[  48.05642312   63.3847271  1771.77027664    0.        ]
[  49.04016168   63.40106833 1706.34252139    0.        ]
[  48.75192268   63.10977231 1781.95578923    0.        ]
[  47.92056378   63.37797844 1723.95686258    0.        ]
[  47.65387127   63.44002634 1747.24214399    0.        ]
[  49.64767544   63.4907066  1656.0110369     0.        ]
[  50.02798192   63.61525967 1641.84888998    0.        ]
[  50.11090126   63.4477759  1653.92162944    0.        ]
[  49.44663152   63.63471859 1700.15823143    0.        ]
[  49.85131468   63.45832595 1662.10979846    0.        ]
[  48.8672572    63.36161151 1710.47211435    0.        ]
[  48.92257491   63.44702054 1689.5885035     0.        ]
[  49.81450943   63.68392912 1701.01158768    0.        ]
[  50.29028352   63.71426301 1638.57183817    0.        ]
[  50.01247375   63.53919451 1723.53282965    0.        ]
[  50.88198334   63.84139578 1627.21524743    0.        ]
[  50.14487935   63.86294263 1671.30163239    0.        ]
[  53.23142628   63.77594885 1550.19285951    0.        ]
[  54.24766594   63.83448741 1513.79961659    0.        ]
[  53.37213463   63.90074286 1554.89963315    0.        ]
[  53.23759711   63.7746339  1516.95731866    0.        ]
[  54.55011488   63.77597037 1531.34721719    0.        ]
[  51.3911647    63.66282248 1560.0396972     0.        ]
[  53.55259191   63.91333081 1504.94866716    0.        ]
[  53.66653096   64.03791214 1495.41655942    0.        ]
[  54.44575562   64.12642163 1491.21829925    0.        ]
[  53.34806823   64.08490125 1536.32850129    0.        ]
[  52.98637914   64.42645148 1565.93365209    0.        ]
[  53.05943472   64.14434115 1545.94371507    0.        ]
[  54.67160649   63.95359537 1542.10532173    0.        ]
[  53.43396322   64.25336055 1602.94122986    0.        ]
[  55.30357832   64.00919328 1525.30568415    0.        ]
[  54.89003014   64.16034296 1462.80094344    0.        ]
[  54.74143828   64.24203907 1469.05968872    0.        ]
[  54.90364637   64.06716868 1455.44836488    0.        ]
[  53.34462792   63.8040484  1542.54937933    0.        ]
[  52.82248778   63.96202735 1497.85220924    0.        ]
[  53.23308975   64.22284008 1461.72750114    0.        ]
[  54.3890585    64.20238678 1454.74267263    0.        ]
[  55.33446599   64.3460282  1427.65573425    0.        ]
[  54.43596254   64.37194551 1422.77351952    0.        ]
[  54.47039569   64.33834404 1416.73278827    0.        ]
[  55.45912852   64.2875271  1395.96859455    0.        ]
[  55.71510868   64.36513992 1375.73450525    0.        ]
[  57.6545453    64.54618634 1331.38430453    0.        ]
[  57.8848211    64.71191668 1306.68488738    0.        ]
[  57.04605712   64.75136332 1305.00794154    0.        ]
[  57.18072521   64.62627047 1324.00836798    0.        ]
[  57.52650084   64.86260459 1313.44866567    0.        ]
[  58.32108116   64.48791736 1347.93841758    0.        ]
[  55.97362827   64.34017769 1357.08799544    0.        ]
[  57.95557295   65.01016323 1287.32428079    0.        ]
[  57.82315869   65.23698702 1316.29209592    0.        ]
[  57.91994694   64.95039261 1286.09397988    0.        ]
[  58.25661515   65.21721359 1280.44813875    0.        ]
[  60.18003761   65.68997163 1320.82326546    0.        ]
[  59.45623715   65.45100679 1265.99416503    0.        ]
[  61.80629987   65.52022331 1254.79612947    0.        ]
[  61.54198276   65.59461274 1259.92004605    0.        ]
[  59.97039397   65.40368221 1249.12089175    0.        ]
[  58.79709206   65.54182226 1269.9684264     0.        ]
[  60.71402699   65.48833301 1247.13062357    0.        ]
[  59.39658223   65.40237526 1249.27944563    0.        ]
[  62.50148015   65.89945349 1254.64632536    0.        ]
[  59.39152495   65.15213417 1265.19104845    0.        ]
[  59.62058754   65.5177848  1247.94282997    0.        ]
[  58.89039867   65.38324041 1251.41136946    0.        ]
[  60.11200179   65.31887601 1252.50805975    0.        ]
[  59.13905795   65.34138204 1246.04128817    0.        ]
[  59.78751624   65.43973642 1260.19476098    0.        ]
[  60.36694253   65.63485327 1267.86684913    0.        ]
[  58.44250325   65.44903216 1239.92836716    0.        ]
[  57.45922038   65.66972516 1280.83315297    0.        ]
[  59.3256443    65.44950689 1244.99339753    0.        ]
[  57.42176835   65.15545056 1248.77679501    0.        ]
[  57.00984913   65.47288351 1272.08746303    0.        ]
[  57.22398257   65.60521054 1260.30410071    0.        ]
[  58.74074752   65.31267896 1245.48459843    0.        ]
[  58.97804213   65.69763361 1245.24608321    0.        ]
[  58.93940827   65.67486906 1256.05393767    0.        ]
[  59.82293958   65.36527998 1250.0155825     0.        ]
[  59.01068635   65.45082272 1231.96713227    0.        ]
[  59.59607017   65.50402944 1238.84750032    0.        ]
[  58.73599613   65.29389747 1222.16831998    0.        ]
[  58.38370887   65.21911364 1234.62161643    0.        ]
[  57.68525564   65.26089776 1224.53869069    0.        ]
[  59.34154259   65.41275553 1221.23408302    0.        ]
[  59.8619133    65.01179061 1252.12143638    0.        ]
[  59.15819438   65.30201868 1207.47363998    0.        ]
[  58.46297723   65.27753994 1204.56218019    0.        ]
[  56.43559336   65.13753367 1203.61458669    0.        ]
[  55.8785817    65.33299943 1209.27530125    0.        ]
[  56.92975601   65.25235332 1188.87033946    0.        ]
[  56.42929846   65.18437412 1186.71593694    0.        ]
[  55.23902697   64.90649823 1210.91769512    0.        ]
[  58.667544     65.43044128 1168.52552613    0.        ]
[  58.92666851   65.40572951 1164.59597892    0.        ]
[  59.04614252   65.33336949 1162.57437859    0.        ]
[  58.5634535    65.247593   1167.72202201    0.        ]
[  58.01263993   65.28476721 1163.65375764    0.        ]
[  60.97802165   65.4247179  1181.19768817    0.        ]
[  58.74986109   65.09520042 1182.97900844    0.        ]
[  58.66631318   65.34765396 1167.1256143     0.        ]
[  58.85491003   65.45395387 1129.11772512    0.        ]
[  58.06194084   65.41670678 1140.81038587    0.        ]
[  57.08058008   65.15650811 1133.261729      0.        ]
[  58.68257627   65.37553548 1126.01546591    0.        ]
[  55.94068911   65.55173318 1196.75257566    0.        ]
[  58.50582257   65.27893599 1128.84223978    0.        ]
[  57.3087206    65.25330985 1135.38616037    0.        ]
[  57.2872196    65.51598106 1151.92084488    0.        ]
[  60.49390185   65.60985646 1129.03531032    0.        ]
[  59.00871378   65.52563233 1125.03758077    0.        ]
[  59.68127062   65.76494731 1155.19826071    0.        ]
[  59.88566478   65.63674439 1143.53104389    0.        ]
[  59.65113386   65.24481835 1126.80874845    0.        ]
[  57.03878501   65.43970761 1149.7033071     0.        ]
[  58.07911205   65.18016571 1134.33282006    0.        ]
[  58.56039843   65.42070013 1130.9082247     0.        ]
[  56.97334956   65.23272035 1135.95096071    0.        ]
[  58.01579127   65.44607465 1136.98223234    0.        ]
[  58.33268902   65.61039672 1125.60381293    0.        ]
[  58.63935589   65.57657259 1116.76793964    0.        ]
[  58.20852204   65.41557329 1113.13218628    0.        ]
[  59.12646481   65.39602669 1132.65157571    0.        ]
[  58.30990577   65.40724968 1114.2930465     0.        ]
[  56.7839111    65.03844027 1130.41049587    0.        ]
[  56.46201863   65.17227074 1132.07015391    0.        ]
[  57.61695866   65.2675979  1109.00465996    0.        ]
[  56.23787884   65.28944993 1147.15281619    0.        ]
[  55.31670671   65.32952382 1173.23151394    0.        ]
[  56.66690858   65.2827598  1130.04533551    0.        ]
[  57.97801281   65.09347742 1119.98131133    0.        ]
[  56.24964057   65.21613669 1125.51301025    0.        ]
[  59.51410604   65.39748331 1094.81923826    0.        ]
[  58.52942435   65.50509489 1094.95759994    0.        ]
[  59.44321196   65.41255223 1076.19393375    0.        ]
[  58.93339132   65.13829643 1125.25833622    0.        ]
[  59.74300763   65.43821596 1078.06946326    0.        ]
[  59.78376888   65.42307261 1071.23872989    0.        ]
[  61.66704052   65.46137313 1071.605237      0.        ]
[  58.61062476   65.37042144 1079.8450201     0.        ]
[  59.42979559   65.02023251 1084.61488489    0.        ]
[  63.02042286   65.34940071 1100.14206038    0.        ]
[  61.02325652   65.5870694  1059.55165061    0.        ]
[  59.30030682   65.77745165 1090.4242399     0.        ]
[  61.94333829   65.58877036 1071.65866142    0.        ]
[  60.17646892   65.46552887 1066.41851226    0.        ]
[  62.03602827   65.57989958 1072.50275189    0.        ]
[  61.21079307   65.61723366 1058.64612846    0.        ]
[  61.81226381   65.44445222 1049.84370639    0.        ]
[  62.3375872    65.65534195 1041.05510921    0.        ]
[  61.53343873   65.78863411 1053.00899864    0.        ]
[  64.33978465   65.58037066 1066.35951001    0.        ]
[  62.53911916   65.49677417 1030.25546352    0.        ]
[  60.08175449   65.23685327 1038.05825276    0.        ]
[  61.44358733   65.53157055 1045.89538845    0.        ]
[  65.66069703   65.77210748 1022.53307496    0.        ]
[  64.07022081   65.63217091 1022.76309429    0.        ]
[  64.35248291   66.00100242 1056.39674501    0.        ]