[  22.9096063    29.14019652 3729.94515394    0.        ]
[  22.68852669   28.17517578 3606.42249969    0.        ]
[  23.48298362   26.99284583 3455.08426629    0.        ]
[  23.13836445   28.10558079 3597.51434164    0.        ]
[  23.02024717   28.1447726  3602.53089316    0.        ]
[  23.0658046    28.49406444 3647.24024795    0.        ]
[  23.20210418   29.12765132 3728.33936899    0.        ]
[  22.96055227   29.43459372 3767.62799676    0.        ]
[  22.73106428   29.07309471 3721.35612305    0.        ]
[  22.51116365   29.13198999 3728.89471914    0.        ]
[  22.47167848   28.89652309 3698.75495604    0.        ]
[  23.29598663   28.34681074 3628.39177486    0.        ]
[  23.30195583   28.16495368 3605.11407132    0.        ]
[  24.35691423   28.07894958 3594.10554564    0.        ]
[  23.83840562   28.54031413 3653.16020914    0.        ]
[  23.61531713   29.06050515 3719.74465961    0.        ]
[  23.11994239   28.66526073 3669.15337315    0.        ]
[  23.77058838   28.00575604 3584.73677374    0.        ]
[  23.1845491    27.68850023 3544.12802898    0.        ]
[  22.27191601   27.81847485 3560.76478022    0.        ]
[  20.80658478   27.92319912 3574.16948767    0.        ]
[  20.74122086   27.83530516 3562.91906058    0.        ]
[  20.30347586   27.04408896 3461.64338671    0.        ]
[  20.90035271   26.96328029 3451.29987759    0.        ]
[  20.94997765   27.45792771 3514.61474743    0.        ]
[  21.05787969   27.03137827 3460.01641868    0.        ]
[  21.20278676   26.81601038 3432.44932919    0.        ]
[  20.21232589   26.77967595 3427.79852192    0.        ]
[  20.37665851   26.43565281 3383.76355963    0.        ]
[  20.6981578    26.07522679 3337.62902949    0.        ]
[  20.56392348   26.61497371 3406.71663445    0.        ]
[  21.31181222   25.9953055  3327.39910395    0.        ]
[  22.55649307   25.63233546 3280.93893922    0.        ]
[  22.80713625   25.51508939 3265.93144216    0.        ]
[  22.60254373   26.06247903 3335.99731565    0.        ]
[  22.95166192   25.83551339 3306.9457136     0.        ]
[  22.57138953   25.19738198 3225.26489395    0.        ]
[  21.80530731   25.47463541 3260.75333253    0.        ]
[  22.68557223   25.39080206 3250.02266383    0.        ]
[  22.57271609   25.44130836 3256.48747005    0.        ]
[  22.83931052   25.58424639 3274.78353838    0.        ]
[  23.26158242   25.5260985  3267.34060847    0.        ]
[  22.9011422    25.94782271 3321.32130732    0.        ]
[  22.97458169   25.88615463 3313.42779309    0.        ]
[  23.26984012   25.6271484  3280.27499554    0.        ]
[  23.49791983   25.61137773 3278.25634973    0.        ]
[  23.99805484   26.21200066 3355.13608454    0.        ]
[  24.53824229   25.92534622 3318.4443165     0.        ]
[  24.80986922   26.58922729 3403.42109278    0.        ]
[  24.86393125   26.81182489 3431.91358652    0.        ]
[  25.85477244   26.51887734 3394.41629949    0.        ]
[  25.15758207   26.20779853 3354.59821136    0.        ]
[  25.14721677   26.20438276 3354.16099368    0.        ]
[  25.07925714   26.22090696 3356.27609035    0.        ]
[  25.03251065   26.51976753 3394.53024336    0.        ]
[  25.26119286   26.8098231  3431.6573563     0.        ]
[  25.61720711   26.86212901 3438.35251373    0.        ]
[  25.08515781   26.64331904 3410.34483767    0.        ]
[  25.3805396    26.72418981 3420.6962952     0.        ]
[  25.93333377   26.7012911  3417.76526097    0.        ]
[  25.40466951   26.62133028 3407.53027567    0.        ]
[  25.64077833   26.30270673 3366.74646102    0.        ]
[  25.17706082   26.77032007 3426.60096947    0.        ]
[  25.31266068   26.96899231 3452.03101556    0.        ]
[  25.00537245   27.01631864 3458.08878533    0.        ]
[  24.9358574    26.28666532 3364.69316074    0.        ]
[  24.85070049   26.36060867 3374.15791012    0.        ]
[  24.98956054   26.40980456 3380.45498336    0.        ]
[  24.92902278   26.47292281 3388.53411981    0.        ]
[  24.85255418   26.52892791 3395.70277218    0.        ]
[  24.65469027   26.53038548 3395.8893417     0.        ]
[  25.6078687    26.47605003 3388.9344044     0.        ]
[  26.08142576   26.28649365 3364.67118739    0.        ]
[  26.33775883   26.13136789 3344.81508998    0.        ]
[  26.69776378   25.98480467 3326.05499771    0.        ]
[  26.9255859    25.76815111 3298.32334163    0.        ]
[  26.40414603   25.71499554 3291.51942904    0.        ]
[  26.45751397   26.02619945 3331.3535301     0.        ]
[  26.63354817   26.28114429 3363.98646925    0.        ]
[  26.69239342   26.19403133 3352.83601059    0.        ]
[  26.1691712    26.24808921 3359.75541829    0.        ]
[  25.80707104   26.41181157 3380.71188048    0.        ]
[  26.25461606   26.20615653 3354.38803596    0.        ]
[  26.55548753   26.51507099 3393.9290862     0.        ]
[  26.43485459   26.36145888 3374.26673647    0.        ]
[  27.28138518   26.42526321 3382.43369098    0.        ]
[  27.8279259    26.3636247  3374.54396209    0.        ]
[  27.76092592   26.26056569 3361.35240892    0.        ]
[  27.90784091   26.10014917 3340.81909438    0.        ]
[  27.78134111   26.1731331  3350.1610368     0.        ]
[  27.76984658   26.07270065 3337.30568265    0.        ]
[  28.00374925   26.02068892 3330.64818139    0.        ]
[  28.1288515    26.06069935 3335.76951644    0.        ]
[  27.72192386   26.24968679 3359.95990909    0.        ]
[  28.47513485   26.21477877 3355.4916829     0.        ]
[  28.25500351   26.06060009 3335.75681192    0.        ]
[  28.38824213   26.06699572 3336.57545237    0.        ]
[  27.94832136   26.5390245  3396.99513554    0.        ]
[  28.12103631   26.72046816 3420.21992453    0.        ]
[  28.13996566   26.66058889 3412.55537788    0.        ]
[  28.06842931   26.73734958 3422.38074666    0.        ]
[  27.97875626   26.86890659 3439.22004393    0.        ]
[  27.92532571   26.97865459 3453.26778762    0.        ]
[  27.82118933   26.89140055 3442.09927029    0.        ]
[  28.1205552    26.75913756 3425.16960731    0.        ]
[  28.31559215   26.70103454 3417.73242166    0.        ]
[  28.3641886    26.76158399 3425.4827505     0.        ]
[  28.61609871   26.95073093 3449.69355933    0.        ]
[  28.36872415   27.22922956 3485.34138308    0.        ]
[  28.49667942   27.10930091 3469.99051689    0.        ]
[  28.65155155   27.14500987 3474.56126336    0.        ]
[  28.64958522   27.17669609 3478.61709898    0.        ]
[  28.35243101   27.29434544 3493.67621572    0.        ]
[  28.17215577   27.36389454 3502.57850102    0.        ]
[  28.31160735   27.22779879 3485.15824561    0.        ]
[  28.83194115   27.18797326 3480.06057749    0.        ]
[  28.93364695   27.10315589 3469.20395449    0.        ]
[  28.96812635   27.23351225 3485.88956841    0.        ]
[  29.18442176   27.32601691 3497.73016409    0.        ]
[  29.27172101   27.52366801 3523.02950507    0.        ]
[  29.35227825   27.44072223 3512.41244587    0.        ]
[  29.42753892   27.38034158 3504.68372201    0.        ]
[  29.31858006   27.19836122 3481.39023593    0.        ]
[  29.54900714   27.30304921 3494.79029877    0.        ]
[  29.54213365   27.31356457 3496.13626531    0.        ]
[  29.33773725   27.21330522 3483.30306824    0.        ]
[  28.87015307   27.32353513 3497.41249654    0.        ]
[  28.86380339   27.34374892 3499.99986221    0.        ]
[  29.17275179   27.17272158 3478.10836219    0.        ]
[  29.77676806   26.94623092 3449.11755819    0.        ]
[  30.00510449   26.83913531 3435.40931951    0.        ]
[  30.0337544    26.74025877 3422.75312304    0.        ]
[  30.09779427   26.81241367 3431.98894942    0.        ]
[  30.27260605   26.89155689 3442.11928202    0.        ]
[  30.0553893    26.88851563 3441.73000023    0.        ]
[  30.20895136   27.08698293 3467.13381483    0.        ]
[  30.01079825   27.05961537 3463.6307676     0.        ]
[  30.0177058    27.18037142 3479.08754148    0.        ]
[  29.9152467    27.15545649 3475.89843104    0.        ]
[  29.91445433   27.00750384 3456.96049142    0.        ]
[  30.30015761   27.014777   3457.89145579    0.        ]
[  30.57230126   27.18599656 3479.80755937    0.        ]
[  30.68498363   27.21034037 3482.92356688    0.        ]
[  30.81647474   27.17286111 3478.12622159    0.        ]
[  30.41215469   27.05714364 3463.31438653    0.        ]
[  30.36580251   27.06422728 3464.22109247    0.        ]
[  30.15523098   27.05685882 3463.27792935    0.        ]
[  30.25219766   27.07531024 3465.63971087    0.        ]
[  30.31076093   27.14681588 3474.79243285    0.        ]
[  30.12778818   27.19912572 3481.48809208    0.        ]
[  30.39697787   27.17501605 3478.4020546     0.        ]
[  30.42488547   27.221207   3484.31449569    0.        ]
[  30.49086705   27.32559605 3497.67629449    0.        ]
[  30.19880293   27.37940676 3504.56406522    0.        ]
[  30.24999345   27.33813914 3499.28180983    0.        ]
[  30.39137578   27.31556373 3496.39215793    0.        ]
[  30.61523725   27.37954923 3504.58230198    0.        ]
[  30.571685     27.468191   3515.92844813    0.        ]
[  30.61673269   27.4262491  3510.55988518    0.        ]
[  30.64733721   27.52846311 3523.64327834    0.        ]
[  30.42523634   27.5378925  3524.85024046    0.        ]
[  30.29605592   27.67909934 3542.92471512    0.        ]
[  30.63282345   27.65166503 3539.41312342    0.        ]
[  30.75903541   27.41624231 3509.27901505    0.        ]
[  30.96900379   27.27676396 3491.42578732    0.        ]
[  31.12967311   27.29158636 3493.32305427    0.        ]
[  31.35389424   27.40314926 3507.60310586    0.        ]
[  31.61767513   27.46824708 3515.93562644    0.        ]
[  31.55542191   27.54784537 3526.12420685    0.        ]
[  31.63295222   27.52582984 3523.3062196     0.        ]
[  31.33446066   27.50702737 3520.89950317    0.        ]
[  31.32791871   27.52177412 3522.78708719    0.        ]
[  31.18061474   27.50882078 3521.12906038    0.        ]
[  30.95826036   27.43683635 3511.9150533     0.        ]
[  30.68045158   27.35396468 3501.30747848    0.        ]
[  30.69730551   27.34676357 3500.38573649    0.        ]
[  30.48308339   27.31461634 3496.2708916     0.        ]
[  30.2154548    27.25079658 3488.10196217    0.        ]
[  30.41341992   27.2061461  3482.38670092    0.        ]
[  30.40998401   27.24882651 3487.84979372    0.        ]
[  30.3860692    27.23613968 3486.22587841    0.        ]
[  30.27444287   27.19164593 3480.53067899    0.        ]
[  30.47998987   27.22696026 3485.05091318    0.        ]
[  30.74472078   27.16194702 3476.72921814    0.        ]
[  31.0088849    27.06352611 3464.13134211    0.        ]
[  31.02791612   27.10089496 3468.91455471    0.        ]
[  30.93735035   27.0305204  3459.90661112    0.        ]
[  30.87194092   26.9975567  3455.68725771    0.        ]
[  30.87384928   27.02436756 3459.11904762    0.        ]
[  30.86101531   27.02355732 3459.01533743    0.        ]
[  30.94434578   27.03525103 3460.51213158    0.        ]
[  30.77511609   26.9574464  3450.55313975    0.        ]
[  30.58008253   26.95833811 3450.66727837    0.        ]
[  30.5157507    26.85813822 3437.84169216    0.        ]
[  30.64555093   26.899015   3443.07392035    0.        ]
[  30.44009452   26.85380545 3437.28709762    0.        ]
[  30.43366833   26.87488385 3439.98513216    0.        ]
[  30.30272641   26.92901409 3446.9138039     0.        ]
[  30.17422843   26.90875292 3444.32037414    0.        ]
[  30.40133968   26.91118292 3444.63141336    0.        ]
[  30.3140584    26.93723573 3447.96617317    0.        ]
[  30.38110034   26.94256689 3448.64856241    0.        ]
[  30.22588884   26.91030541 3444.51909287    0.        ]
[  30.1754675    26.84857767 3436.61794145    0.        ]
[  30.18493968   26.7199042  3420.14773736    0.        ]
[  30.08619409   26.68149714 3415.23163405    0.        ]
[  30.16063277   26.69269739 3416.66526573    0.        ]
[  30.3062798    26.76447529 3425.85283747    0.        ]
[  30.31592624   26.70360994 3418.06207224    0.        ]
[  30.37981553   26.79469429 3429.72086887    0.        ]
[  30.18266727   26.81236995 3431.9833538     0.        ]
[  30.27859507   26.80274199 3430.75097467    0.        ]
[  30.30149506   26.68766826 3416.02153774    0.        ]
[  30.26443693   26.77585426 3427.3093453     0.        ]
[  30.32419327   26.69621608 3417.11565861    0.        ]
[  30.36200925   26.72350965 3420.60923518    0.        ]
[  30.34992963   26.72119748 3420.31327799    0.        ]
[  30.27862915   26.66400434 3412.9925552     0.        ]
[  30.30167746   26.62972885 3408.60529303    0.        ]
[  30.17341285   26.6599678  3412.47587805    0.        ]
[  30.13135382   26.58485598 3402.86156488    0.        ]
[  30.06590188   26.65868379 3412.31152505    0.        ]
[  30.12805757   26.58113871 3402.38575458    0.        ]
[  30.08816521   26.56872032 3400.79620076    0.        ]
[  30.22662437   26.50142509 3392.18241157    0.        ]
[  30.12890726   26.53915646 3397.01202648    0.        ]
[  30.16570269   26.6164606  3406.90695678    0.        ]
[  30.10572169   26.60750984 3405.76125913    0.        ]
[  30.06670793   26.67958561 3414.9869586     0.        ]
[  30.19443478   26.65270483 3411.54621815    0.        ]
[  30.31608409   26.59925048 3404.70406151    0.        ]
[  30.21501532   26.70529867 3418.27822985    0.        ]
[  30.2716846    26.65847917 3412.28533406    0.        ]
[  30.18578671   26.61843164 3407.15924958    0.        ]
[  30.17651365   26.60399714 3405.31163368    0.        ]
[  30.23347222   26.68263727 3415.37757034    0.        ]
[  30.19253707   26.66602609 3413.2513399     0.        ]
[  30.19997103   26.64365153 3410.38739562    0.        ]
[  30.31437873   26.69474592 3416.92747733    0.        ]
[  30.24961529   26.64431859 3410.47277945    0.        ]
[  30.30309734   26.60020914 3404.82677027    0.        ]
[  30.23579188   26.597872   3404.52761646    0.        ]
[  30.12861994   26.60537491 3405.48798885    0.        ]
[  30.03324791   26.58626233 3403.04157811    0.        ]
[  30.01485731   26.59387869 3404.01647288    0.        ]
[  30.11581563   26.582832   3402.60249545    0.        ]
[  30.11419053   26.57473965 3401.56667458    0.        ]
[  30.09018944   26.58277357 3402.59501632    0.        ]
[  30.18848657   26.54244372 3397.43279591    0.        ]
[  30.19769599   26.54518464 3397.78363333    0.        ]
[  30.24678895   26.55277029 3398.75459671    0.        ]
[  30.30900568   26.53276701 3396.19417682    0.        ]
[  30.23892689   26.53126025 3396.00131246    0.        ]
[  30.26674178   26.55184239 3398.63582644    0.        ]
[  30.29696868   26.51031708 3393.32058599    0.        ]
[  30.31802055   26.53704615 3396.74190721    0.        ]
[  30.26326968   26.53330806 3396.26343111    0.        ]
[  30.18716819   26.50615652 3392.78803447    0.        ]
[  30.19281513   26.50256021 3392.32770723    0.        ]
[  30.13205117   26.53941568 3397.04520647    0.        ]
[  30.05435468   26.55127163 3398.56276854    0.        ]
[  30.0975353    26.54437788 3397.6803685     0.        ]
[  30.06337776   26.52758661 3395.53108588    0.        ]
[  30.10203216   26.50184949 3392.23673523    0.        ]
[  30.14284468   26.49968009 3391.9590516     0.        ]
[  30.17103288   26.4685907  3387.97961012    0.        ]
[  30.17107563   26.43716572 3383.9572116     0.        ]
[  30.19645785   26.4528177  3385.96066531    0.        ]
[  30.20379853   26.47023022 3388.18946861    0.        ]
[  30.2556637    26.48081951 3389.54489708    0.        ]
[  30.27729945   26.50813167 3393.04085329    0.        ]
[  30.29363767   26.54775352 3398.11245111    0.        ]
[  30.29858151   26.49513562 3391.37735994    0.        ]
[  30.35986469   26.51622463 3394.07675201    0.        ]
[  30.28082003   26.46920842 3388.05867741    0.        ]
[  30.25300982   26.50630909 3392.80756385    0.        ]
[  30.2099594    26.5240178  3395.07427822    0.        ]
[  30.23547762   26.5451337  3397.77711309    0.        ]
[  30.25708404   26.53162353 3396.04781134    0.        ]
[  30.28133641   26.53778956 3396.83706328    0.        ]
[  30.34669373   26.58012042 3402.2554132     0.        ]
[  30.45541648   26.56939204 3400.88218084    0.        ]
[  30.41979916   26.6128144  3406.4402429     0.        ]
[  30.35208035   26.60376431 3405.28183157    0.        ]
[  30.368119     26.65684322 3412.07593183    0.        ]
[  30.36302628   26.63470598 3409.24236593    0.        ]
[  30.37290435   26.66727622 3413.41135643    0.        ]
[  30.36945925   26.69864417 3417.42645361    0.        ]
[  30.41249602   26.6984505  3417.40166354    0.        ]
[  30.4102018    26.7052034  3418.26603579    0.        ]
[  30.46736595   26.65421851 3411.73996892    0.        ]
[  30.49477114   26.59531193 3404.1999276     0.        ]
[  30.48845107   26.57800593 3401.98475844    0.        ]
[  30.51592089   26.57196479 3401.21149267    0.        ]
[  30.47816685   26.58627823 3403.0436136     0.        ]
[  30.47533302   26.56162679 3399.88822881    0.        ]
[  30.44944084   26.5334537  3396.28207353    0.        ]
[  30.36957421   26.56644314 3400.50472139    0.        ]
[  30.31984773   26.61299486 3406.46334166    0.        ]
[  30.29731395   26.63286571 3409.00681101    0.        ]
[  30.32656648   26.66795206 3413.49786308    0.        ]